@relation relation

@attribute idUser  numeric
@attribute rate  numeric
@attribute romanDate  date yyyy-MM-dd
@attribute idFilm  numeric

@data 
1488844,3,2005-09-06,1
822109,5,2005-05-13,1
885013,4,2005-10-19,1
30878,4,2005-12-26,1
823519,3,2004-05-03,1
893988,3,2005-11-17,1
124105,4,2004-08-05,1
1248029,3,2004-04-22,1
1842128,4,2004-05-09,1
2238063,3,2005-05-11,1
1503895,4,2005-05-19,1
2207774,5,2005-06-06,1
2590061,3,2004-08-12,1
2442,3,2004-04-14,1
543865,4,2004-05-28,1
1209119,4,2004-03-23,1
804919,4,2004-06-10,1
1086807,3,2004-12-28,1
1711859,4,2005-05-08,1
372233,5,2005-11-23,1
1080361,3,2005-03-28,1
1245640,3,2005-12-19,1
558634,4,2004-12-14,1
2165002,4,2004-04-06,1
1181550,3,2004-02-01,1
1227322,4,2004-02-06,1
427928,4,2004-02-26,1
814701,5,2005-09-29,1
808731,4,2005-10-31,1
662870,5,2005-08-24,1
337541,5,2005-03-23,1
786312,3,2004-11-16,1
1133214,4,2004-03-07,1
1537427,4,2004-03-29,1
1209954,5,2005-05-09,1
2381599,3,2005-09-12,1
525356,2,2004-07-11,1
1910569,4,2004-04-12,1
2263586,4,2004-08-20,1
2421815,2,2004-02-26,1
1009622,1,2005-01-19,1
1481961,2,2005-05-24,1
401047,4,2005-06-03,1
2179073,3,2004-08-29,1
1434636,3,2004-05-01,1
93986,5,2005-10-06,1
1308744,5,2005-10-29,1
2647871,4,2005-12-30,1
1905581,5,2005-08-16,1
2508819,3,2004-05-18,1
1578279,1,2005-05-19,1
1159695,4,2005-02-15,1
2588432,3,2005-03-31,1
2423091,3,2005-09-12,1
470232,4,2004-04-08,1
2148699,2,2004-06-05,1
1342007,3,2004-07-16,1
466135,4,2004-07-13,1
2472440,3,2005-08-13,1
1283744,3,2004-04-17,1
1927580,4,2004-11-08,1
716874,5,2005-05-06,1
4326,4,2005-10-29,1
1546549,5,2004-07-20,1
1493697,1,2005-11-01,1
880166,5,2005-07-12,1
535396,2,2005-02-03,1
494609,4,2004-12-08,1
1961619,5,2005-06-01,1
883478,4,2005-12-16,1
793564,4,2004-04-19,1
1567202,2,2004-03-01,1
573537,4,2005-02-03,1
1972040,4,2005-06-02,1
1838912,3,2005-11-08,1
411705,4,2004-05-11,1
2244518,5,2004-09-15,1
584542,5,2005-02-01,1
667730,5,2005-05-26,1
2488120,5,2005-09-20,1
1926776,1,2005-10-05,1
38052,3,2004-06-03,1
1196100,4,2004-10-30,1
314933,3,2005-09-12,1
1792741,2,2004-02-09,1
769643,1,2004-11-18,1
2477242,5,2005-01-30,1
1421006,3,2005-08-03,1
729846,4,2005-08-09,1
1719610,2,2005-08-19,1
1696031,4,2005-01-25,1
1817215,4,2005-09-01,1
406057,4,2004-09-27,1
636262,1,2005-09-26,1
1245406,4,2004-12-30,1
1834590,3,2005-02-05,1
593225,3,2004-07-11,1
1011918,4,2005-05-28,1
1665054,4,2005-07-06,1
2630337,5,2005-03-10,1
1155747,3,2005-07-03,1
2439493,1,2004-02-06,1
479924,5,2005-08-02,1
530789,5,2005-03-29,1
765860,4,2005-06-13,1
231001,3,2005-01-03,1
1493615,5,2005-05-23,1
1850615,2,2005-07-12,1
68959,3,2005-08-11,1
147386,5,2004-09-19,1
624035,5,2004-02-19,1
782308,5,2004-07-02,1
1116080,5,2005-08-08,1
421374,5,2004-11-17,1
1158759,4,2004-06-13,1
1025798,3,2005-09-02,1
1215397,5,2005-07-19,1
2475251,4,2005-08-25,1
321111,2,2005-05-02,1
2162676,3,2005-08-01,1
2635437,4,2004-12-19,1
2389367,1,2004-07-01,1
485622,5,2005-08-01,1
235553,4,2004-07-15,1
831869,4,2005-06-02,1
99400,5,2005-09-16,1
684876,4,2005-11-01,1
1871179,3,2004-12-08,1
1107678,5,2005-03-15,1
642036,3,2005-09-21,1
700890,5,2004-05-06,1
2289956,5,2004-04-29,1
2040859,1,2004-11-23,1
1524964,3,2005-04-19,1
121318,4,2005-06-06,1
317050,5,2005-11-15,1
2287003,5,2004-12-20,1
59052,2,2004-07-12,1
893742,4,2005-04-27,1
1346257,3,2005-08-23,1
55016,3,2004-05-12,1
30245,5,2004-10-19,1
743633,4,2005-08-09,1
1596531,5,2004-01-23,1
1125499,5,2005-01-31,1
706832,4,2005-05-06,1
2465337,3,2005-04-04,1
2291422,1,2005-08-28,1
1777406,3,2005-01-02,1
1904905,4,2005-05-13,1
2450433,3,2005-01-08,1
1348967,2,2004-06-21,1
638020,3,2005-08-10,1
2217779,4,2005-02-14,1
194280,1,2004-12-14,1
493009,4,2005-03-27,1
1567167,4,2005-09-11,1
850327,5,2005-09-18,1
520386,3,2005-10-25,1
320540,2,2005-07-26,1
1188228,2,2004-12-05,1
57961,4,2004-11-09,1
1113230,3,2005-05-04,1
1374216,2,2005-09-23,1
595778,3,2004-03-03,1
209573,4,2005-10-31,1
2354601,5,2005-12-10,1
2563596,4,2004-04-04,1
835265,4,2005-09-01,1
1819474,3,2004-04-03,1
1447104,3,2004-08-28,1
1100940,1,2005-10-24,1
143274,3,2005-08-31,1
2329565,4,2005-01-19,1
181592,4,2005-03-26,1
936396,2,2004-02-09,1
1125797,3,2004-07-05,1
2283366,3,2004-12-27,1
514495,4,2005-04-13,1
1772176,3,2005-09-27,1
1877347,4,2005-07-13,1
1287892,4,2005-05-17,1
255443,2,2005-05-23,1
890669,4,2005-11-02,1
1989766,4,2005-07-08,1
2315073,4,2004-03-24,1
14756,4,2005-12-27,1
907623,3,2004-05-11,1
991423,4,2004-10-24,1
1604238,4,2005-06-02,1
1027056,3,2005-12-03,1
2025883,5,2005-03-24,1
732936,5,2005-04-24,1
563962,5,2005-11-09,1
799442,4,2005-11-21,1
352635,5,2004-05-11,1
2537543,5,2005-10-26,1
1564395,4,2005-07-09,1
1655178,4,2004-08-26,1
573434,4,2004-05-26,1
1141189,4,2004-12-15,1
383247,5,2005-02-03,1
1763921,5,2004-05-10,1
1943970,5,2004-09-20,1
322009,3,2004-05-20,1
2333817,3,2004-10-22,1
2095681,2,2005-10-29,1
1149588,4,2005-12-13,1
2354740,5,2005-05-05,1
2421360,5,2005-10-19,1
496087,2,2004-04-25,1
2191781,1,2005-04-03,1
1694083,4,2005-10-03,1
818416,3,2005-07-27,1
701960,5,2005-04-29,1
2090477,4,2005-06-28,1
1664010,5,2005-10-12,1
2583822,5,2005-08-17,1
369646,5,2005-04-30,1
2234063,4,2005-05-11,1
259799,4,2005-06-23,1
1077982,4,2004-03-16,1
2631796,4,2005-09-27,1
1122383,3,2004-10-22,1
1508526,3,2004-07-25,1
1600207,5,2004-04-17,1
1283117,5,2005-03-18,1
1727869,5,2005-07-11,1
1522799,4,2004-10-19,1
1394012,5,2005-12-19,1
1558286,3,2005-03-15,1
1155602,3,2005-07-05,1
361066,3,2004-09-24,1
1743210,5,2005-09-22,1
1148389,4,2004-04-03,1
2268101,4,2005-10-28,1
519684,5,2005-07-25,1
767518,5,2005-08-02,1
122197,1,2005-03-09,1
2112162,4,2005-10-14,1
1073367,3,2005-07-25,1
400162,5,2004-11-08,1
1524343,5,2005-03-24,1
741245,4,2005-06-28,1
2563768,3,2005-07-04,1
1406595,4,2005-08-27,1
1137010,4,2004-10-05,1
60343,5,2005-05-08,1
225765,4,2004-05-10,1
2530404,3,2004-05-01,1
437881,3,2004-11-17,1
1935793,1,2005-04-18,1
134001,4,2005-05-06,1
2607300,3,2005-07-25,1
1008986,4,2004-10-25,1
94565,4,2004-12-15,1
828410,4,2005-01-03,1
1805202,4,2005-10-03,1
1922925,4,2004-04-03,1
1435717,5,2005-08-11,1
2277395,4,2004-03-09,1
2305014,5,2004-08-31,1
166041,4,2005-09-02,1
2413320,4,2004-02-06,1
87113,2,2005-09-21,1
722591,5,2004-03-08,1
2291306,1,2004-03-01,1
2010770,4,2004-12-30,1
255383,5,2005-04-10,1
1873429,4,2005-10-27,1
1647618,4,2005-08-27,1
608234,5,2005-02-25,1
42930,3,2005-05-14,1
1462072,5,2005-06-22,1
685565,5,2005-09-26,1
3321,3,2005-09-27,1
2554942,4,2005-10-03,1
1874547,4,2004-08-11,1
2269844,5,2005-11-02,1
34907,3,2005-08-17,1
1779903,4,2005-06-04,1
2576424,4,2005-08-10,1
230112,3,2004-08-26,1
508727,3,2004-07-11,1
1603525,3,2004-10-13,1
172264,4,2005-09-17,1
1182185,4,2005-10-06,1
2275470,2,2005-10-05,1
491531,5,2005-02-17,1
1346432,4,2005-11-15,1
1554712,5,2004-10-27,1
1450941,5,2005-09-13,1
1714116,3,2005-08-09,1
2016488,4,2004-11-22,1
1782762,4,2005-01-19,1
1343170,5,2005-02-26,1
2565752,4,2004-12-10,1
435841,3,2005-09-19,1
2242821,5,2005-08-29,1
638824,5,2004-05-19,1
2256485,1,2004-08-19,1
101597,5,2004-10-01,1
623036,5,2005-05-16,1
1559445,5,2005-06-08,1
1723381,5,2005-08-30,1
1824586,4,2005-03-03,1
2233105,4,2005-09-08,1
682963,3,2005-06-21,1
2529547,5,2005-11-18,1
504620,2,2005-08-12,1
1682104,4,2005-08-30,1
16272,4,2005-01-20,1
2491785,5,2005-05-09,1
978412,5,2005-07-02,1
2054145,3,2005-07-28,1
2444240,3,2005-08-14,1
547732,3,2005-06-11,1
811790,5,2005-09-02,1
31913,4,2004-10-15,1
437111,4,2005-06-27,1
640588,4,2004-09-06,1
2625019,3,2005-09-12,1
2605190,5,2005-11-05,1
915,5,2005-08-17,1
1430587,4,2005-05-18,1
2544219,5,2005-11-20,1
2603381,5,2005-11-29,1
305344,1,2004-02-08,1
2569099,1,2005-08-16,1
2430356,4,2004-07-15,1
885165,4,2005-06-02,1
2380806,5,2005-09-06,1
1512406,1,2005-10-03,1
1774623,4,2005-11-23,1
2226525,4,2005-02-08,1
2537076,4,2005-10-17,1
2060858,4,2005-05-09,1
498469,5,2005-03-22,1
68033,4,2005-10-04,1
1819146,5,2005-08-15,1
2088415,4,2005-02-01,1
473070,5,2005-04-06,1
1823641,5,2004-03-29,1
1839976,2,2004-03-31,1
14924,5,2005-10-04,1
1852606,4,2004-07-23,1
453694,5,2004-07-21,1
921487,2,2004-07-19,1
1022254,5,2004-09-15,1
2464081,4,2005-01-22,1
1228324,4,2005-11-12,1
1563530,4,2004-08-18,1
1181170,3,2004-09-08,1
1357013,3,2004-10-02,1
21722,4,2005-02-07,1
288420,5,2005-06-02,1
1739170,5,2005-09-19,1
2584676,3,2005-08-06,1
2013504,4,2005-08-10,1
1245176,4,2004-07-27,1
269524,3,2005-03-05,1
661344,3,2005-03-16,1
652324,3,2004-04-15,1
2239213,3,2005-08-24,1
863302,4,2004-08-19,1
758850,4,2004-09-21,1
1884755,2,2004-11-15,1
544833,3,2005-09-27,1
1562707,1,2005-07-25,1
810700,5,2004-08-31,1
837756,5,2004-10-26,1
155164,4,2004-10-29,1
493945,5,2005-04-12,1
1565175,5,2004-08-10,1
2005193,4,2005-11-17,1
1605780,4,2004-09-17,1
1294335,2,2004-09-22,1
608576,4,2005-03-19,1
659505,4,2005-05-16,1
1604707,4,2005-10-17,1
2630797,5,2005-12-09,1
402266,5,2004-10-16,1
752642,3,2004-02-24,1
1906145,4,2005-07-19,1
389872,2,2005-08-09,1
1462866,2,2004-10-09,1
1952116,4,2005-04-28,1
54774,4,2005-05-25,1
1776980,5,2005-10-13,1
1494196,5,2004-02-29,1
253794,5,2004-08-10,1
1569513,3,2004-02-26,1
596728,2,2004-04-26,1
1107588,1,2004-02-22,1
1133763,3,2005-05-15,1
1398076,4,2004-07-02,1
1178171,4,2004-07-01,1
984369,3,2005-08-25,1
2618594,4,2004-07-27,1
1653834,4,2004-08-22,1
2322840,3,2005-07-12,1
2207647,4,2004-08-12,1
1994111,4,2005-01-11,1
1824044,4,2004-04-29,1
2255037,3,2004-06-01,1
2056022,3,2004-11-22,1
1458179,4,2005-01-26,1
1508350,4,2005-06-27,1
1168571,5,2005-09-14,1
766489,3,2005-10-01,1
1424199,5,2005-08-08,1
2054180,3,2004-07-09,1
448902,5,2005-07-20,1
1547173,3,2005-11-18,1
1751103,4,2004-08-05,1
121073,5,2004-12-16,1
2609436,4,2004-11-09,1
1398626,2,2004-12-03,1
1311231,3,2004-03-30,1
2279000,3,2005-02-18,1
236921,5,2005-03-19,1
2566259,5,2005-04-06,1
758937,4,2005-10-24,1
2260684,4,2004-11-08,1
1190829,4,2004-02-10,1
136106,3,2005-08-08,1
344753,3,2004-07-21,1
568930,5,2005-05-02,1
206115,4,2005-08-23,1
2390644,3,2004-09-06,1
2078679,5,2005-01-07,1
1682651,4,2005-05-02,1
386915,4,2005-05-27,1
972136,3,2005-06-20,1
1806515,3,2005-09-29,1
11589,3,2005-10-19,1
2118461,5,2005-10-24,1
444411,3,2004-09-05,1
691108,4,2005-02-27,1
332401,3,2005-04-28,1
1278488,4,2005-04-27,1
358776,4,2005-11-21,1
387418,1,2004-02-08,1
872408,4,2005-08-26,1
646098,4,2004-07-19,1
396595,5,2005-02-13,1
1366860,4,2004-01-26,1
1046882,3,2004-08-12,1
470861,5,2004-06-28,1
1455257,4,2004-09-17,1
1274780,3,2004-10-11,1
379184,4,2005-02-11,1
1273630,4,2005-09-08,1
492291,3,2005-06-06,1
145873,3,2004-02-25,1
1388284,5,2004-12-21,1
712610,4,2005-04-27,1
1116065,1,2005-05-03,1
660499,1,2005-07-08,1
1918987,4,2005-07-10,1
1357894,3,2004-09-09,1
190418,3,2004-09-30,1
1060658,3,2005-03-23,1
1443203,4,2005-05-22,1
1772839,5,2005-09-19,1
2385774,3,2004-04-07,1
1059319,3,2005-10-10,1
831775,4,2005-10-15,1
881346,5,2005-11-07,1
1066317,4,2004-05-07,1
13651,3,2004-06-16,1
208920,4,2005-01-23,1
308753,5,2005-10-31,1
2564257,3,2005-11-27,1
565041,4,2004-08-23,1
1602153,4,2005-06-13,1
173930,4,2005-06-30,1
202811,3,2005-07-18,1
353369,3,2005-08-01,1
1201176,4,2005-05-02,1
2047577,3,2005-05-27,1
685113,4,2005-10-24,1
1686060,5,2004-03-21,1
151004,5,2004-07-09,1
2126192,3,2004-04-16,1
1981464,4,2005-08-16,1
1862581,4,2004-06-08,1
1255780,5,2005-03-28,1
1962300,3,2005-06-22,1
1515355,3,2004-05-12,1
1001779,4,2005-09-09,1
2093105,3,2004-06-17,1
1123959,3,2005-01-05,1
1876297,5,2005-05-19,1
1364481,4,2004-05-29,1
998236,5,2004-06-23,1
328415,3,2004-11-01,1
1347129,4,2005-01-24,1
1117062,4,2005-07-07,1
1033930,3,2005-08-11,1
45117,5,2005-08-15,1
1005769,5,2004-09-28,1
712609,4,2005-03-20,1
740495,4,2005-02-05,1
2497991,4,2005-07-07,1
1017324,4,2005-04-05,1
120491,5,2004-09-13,1
1645794,4,2005-04-05,1
1658790,3,2005-06-23,1
2451020,4,2004-09-14,1
1878798,4,2005-01-11,1
1790903,4,2005-04-23,1
1254683,1,2004-02-13,1
874943,5,2005-03-22,1
121456,4,2005-04-19,1
1140108,4,2005-09-20,1
515436,1,2005-02-13,1
272689,5,2005-03-03,1
1247177,3,2005-12-04,1
263240,3,2004-07-07,1
2539549,3,2005-02-23,1
2565654,5,2004-11-15,1
334701,3,2005-02-07,1
42921,3,2005-10-04,1
2011399,5,2005-08-08,1
433945,5,2004-11-06,1
2151149,4,2005-01-13,1
1415954,2,2005-02-14,1
1086360,3,2005-03-10,1
2419258,4,2005-08-12,1
2380848,5,2005-01-11,1
1550216,1,2005-02-07,1
596533,5,2005-03-20,1
287901,5,2005-05-30,1
188613,4,2005-09-15,1
1654508,3,2005-04-25,1
1313126,5,2005-04-27,1
51334,4,2005-05-18,1
2374451,4,2005-06-05,1
2031093,4,2005-06-30,1
548064,5,2005-12-02,1
946102,5,2005-02-02,1
1790158,4,2005-05-17,1
1403184,3,2005-11-12,1
1535440,4,2005-08-18,1
1426604,4,2005-09-01,1
1815755,5,2004-07-20,1
2059652,4,2005-09-05,2
1666394,3,2005-04-19,2
1759415,4,2005-04-22,2
1959936,5,2005-11-21,2
998862,4,2004-11-13,2
2625420,2,2004-12-06,2
573975,3,2005-07-21,2
392722,4,2004-12-10,2
1401650,4,2005-02-24,2
988104,3,2005-05-23,2
977632,4,2004-11-12,2
2557870,4,2005-03-27,2
1793899,5,2005-06-04,2
1340535,5,2004-12-12,2
1888322,5,2005-01-20,2
1283598,3,2004-11-30,2
1784150,4,2005-06-17,2
2271251,5,2005-08-19,2
65932,3,2005-07-19,2
1828884,5,2004-12-21,2
1878728,4,2005-12-01,2
1922778,3,2005-02-07,2
1176404,4,2005-02-23,2
2265116,3,2005-09-06,2
1078701,4,2005-10-12,2
1832577,4,2005-09-07,2
748922,5,2005-07-05,2
1013802,1,2005-05-30,2
1131325,2,2005-11-14,2
2244378,4,2005-02-09,2
494639,2,2005-09-26,2
636262,1,2005-08-23,2
1903158,4,2005-03-04,2
220427,4,2005-05-05,2
2439493,1,2005-02-10,2
2225116,4,2005-08-29,2
1445632,5,2005-01-30,2
2592823,4,2005-02-06,2
1288603,5,2005-06-20,2
2556926,3,2005-07-09,2
1190070,4,2005-11-05,2
1312846,3,2005-08-26,2
2226229,3,2005-04-24,2
1563935,1,2005-08-12,2
69809,5,2005-04-08,2
1349753,3,2005-03-23,2
785768,3,2005-04-19,2
426476,5,2005-05-10,2
810636,4,2005-04-25,2
468713,5,2005-07-18,2
222290,4,2005-03-14,2
349407,5,2005-01-02,2
311232,2,2005-06-28,2
2596999,4,2005-10-07,2
1025601,5,2005-11-09,2
1743759,4,2005-01-30,2
2385553,5,2005-05-24,2
1374216,1,2005-09-25,2
526466,4,2005-03-05,2
2648861,3,2005-05-25,2
1210631,3,2005-03-24,2
2314531,4,2005-07-15,2
618272,1,2005-08-14,2
2532807,3,2005-01-28,2
412535,4,2005-05-23,2
1315005,4,2005-06-28,2
1358911,5,2005-12-13,2
507603,1,2005-07-23,2
1507649,5,2005-02-17,2
845529,5,2005-04-26,2
1479907,5,2005-02-28,2
236271,2,2005-06-21,2
2422676,3,2005-04-07,2
1636093,5,2005-10-20,2
995594,5,2005-01-19,2
1664010,4,2005-10-13,2
2431481,3,2004-11-18,2
1980668,5,2004-12-16,2
402321,4,2005-04-18,2
1344564,3,2005-01-25,2
1632603,3,2005-09-09,2
2567280,3,2005-03-17,2
1623166,3,2005-02-10,2
521932,4,2005-01-11,2
105086,5,2005-09-20,2
2072554,5,2005-05-05,2
2231529,3,2005-08-25,2
2103439,2,2005-06-05,2
261764,1,2005-11-10,2
193476,5,2005-03-23,2
1576540,4,2005-04-14,2
1783594,5,2005-03-07,2
503334,4,2005-11-25,2
183903,5,2005-01-30,2
2606799,1,2005-05-16,2
1236127,4,2005-06-07,2
2375962,3,2005-07-04,2
2212071,3,2005-09-17,2
1252841,3,2005-02-06,2
247898,5,2005-07-15,2
970975,3,2005-09-02,2
305344,1,2004-10-16,2
1581186,4,2005-02-27,2
1129620,3,2005-09-03,2
584750,3,2005-11-27,2
11409,5,2005-01-13,2
1875495,2,2005-01-12,2
1403217,2,2005-08-17,2
2147527,1,2005-11-18,2
2418486,4,2005-11-08,2
1476323,5,2004-11-22,2
2345723,4,2004-12-26,2
2640085,5,2005-04-26,2
1803154,2,2004-12-14,2
1251170,2,2005-02-11,2
527491,4,2005-07-30,2
391517,4,2005-05-16,2
1398626,3,2005-11-26,2
828919,5,2004-12-18,2
196494,5,2005-10-03,2
715897,5,2005-10-18,2
268917,2,2005-06-03,2
41422,4,2005-09-11,2
1806515,3,2005-09-23,2
2118461,4,2005-12-20,2
387418,1,2004-11-19,2
2019055,5,2005-05-12,2
348960,1,2005-09-07,2
1167731,4,2005-06-07,2
2468831,5,2005-07-05,2
219925,4,2005-04-18,2
1025193,5,2005-07-07,2
630887,5,2005-01-20,2
1461435,1,2005-03-21,2
1838586,1,2005-08-17,2
1515430,3,2005-01-27,2
1807053,5,2005-04-25,2
1172326,5,2005-06-18,2
1785842,3,2005-06-01,2
803752,3,2004-11-17,2
1581265,3,2005-04-15,2
515436,1,2005-02-13,2
1824543,4,2005-04-20,2
1283204,3,2004-12-23,2
1272122,5,2005-07-25,2
1025579,4,2003-03-29,3
712664,5,2004-02-01,3
1331154,4,2004-07-03,3
2632461,3,2005-07-22,3
44937,5,2004-06-22,3
656399,4,2003-09-20,3
439011,1,2004-01-22,3
1436762,3,2003-03-17,3
1644750,3,2003-03-19,3
2031561,4,2004-03-31,3
616720,4,2003-08-10,3
2467008,4,2004-03-15,3
975874,5,2004-02-09,3
701730,2,2005-10-05,3
1614320,4,2003-08-11,3
115498,3,2003-07-16,3
931626,2,2004-07-08,3
699878,4,2003-05-02,3
1694958,3,2005-08-10,3
66414,5,2004-02-21,3
2519847,5,2003-03-10,3
948069,3,2003-05-09,3
67315,4,2003-08-25,3
704249,4,2004-08-16,3
454417,4,2004-04-18,3
1995318,3,2004-07-14,3
2158448,5,2005-05-31,3
574843,5,2005-06-13,3
714960,4,2005-06-21,3
620771,2,2005-09-26,3
253876,4,2005-11-01,3
1632700,4,2005-11-14,3
603277,3,2003-06-21,3
79160,4,2005-07-11,3
1859725,4,2003-05-30,3
283774,5,2003-08-23,3
1983667,2,2003-08-08,3
2267507,4,2004-05-25,3
1813349,4,2003-03-18,3
2424721,3,2005-09-04,3
1275804,4,2003-08-27,3
1204327,4,2004-03-16,3
2143489,1,2004-08-23,3
672980,5,2004-11-18,3
166100,4,2004-12-17,3
2537764,5,2005-01-06,3
1650301,2,2005-06-17,3
553931,4,2005-10-04,3
214166,3,2005-10-09,3
6689,4,2003-02-20,3
109089,5,2003-05-27,3
1854303,1,2004-05-29,3
525003,5,2003-04-30,3
2312349,4,2003-05-13,3
188416,3,2004-01-27,3
2213550,4,2004-07-01,3
24344,4,2004-08-20,3
2344483,4,2004-09-28,3
531155,4,2005-02-28,3
1959707,3,2005-03-19,3
2120279,5,2005-05-15,3
1977959,4,2003-02-12,3
21983,4,2003-04-19,3
2173816,1,2003-07-17,3
78931,5,2003-07-09,3
2145227,4,2003-04-07,3
2463079,3,2003-08-26,3
1286051,3,2004-01-28,3
958104,4,2003-09-03,3
489962,3,2003-09-03,3
2297863,4,2004-01-13,3
958382,4,2004-08-22,3
248932,4,2005-04-03,3
1756658,3,2005-06-16,3
2579794,4,2005-10-26,3
1628475,4,2005-11-14,3
206809,5,2003-03-05,3
1333,4,2004-05-18,3
445828,2,2003-10-28,3
2079559,5,2004-08-28,3
1007809,4,2003-12-16,3
1562675,1,2003-03-06,3
1477923,4,2003-03-25,3
44783,3,2003-11-22,3
52540,1,2003-03-22,3
2436327,2,2004-07-13,3
1830211,4,2004-10-06,3
1857979,2,2005-03-08,3
1198785,2,2005-06-30,3
870391,2,2003-05-19,3
2164676,4,2003-03-03,3
1281996,4,2003-07-23,3
1853885,4,2004-06-18,3
2646060,3,2003-09-24,3
709342,4,2003-09-10,3
1195585,5,2003-08-04,3
1319527,5,2005-01-05,3
1478381,4,2005-05-26,3
1658752,3,2003-03-09,3
41371,5,2004-01-21,3
1479793,3,2004-01-18,3
1406148,3,2004-09-17,3
2446687,5,2004-12-14,3
968796,3,2005-02-06,3
2266857,3,2003-06-13,3
1456369,4,2003-07-08,3
1078792,4,2005-09-09,3
104768,5,2003-11-25,3
372528,3,2004-06-30,3
2240742,5,2004-11-05,3
1401399,4,2005-04-03,3
402377,4,2005-04-10,3
51230,4,2005-05-22,3
2229289,4,2005-12-30,3
2554745,4,2004-04-08,3
1710932,3,2004-08-16,3
1355097,4,2003-03-26,3
1231910,3,2003-12-23,3
2599552,4,2003-04-14,3
1394444,5,2005-02-17,3
1094443,2,2003-09-04,3
77266,2,2003-03-06,3
153249,4,2003-06-24,3
2590630,3,2003-10-10,3
2596383,3,2005-11-03,3
2601294,4,2004-02-10,3
2623268,4,2004-12-14,3
1756597,5,2005-04-11,3
1673185,3,2005-04-14,3
2611525,3,2004-02-05,3
2013198,4,2003-03-10,3
1704175,4,2004-04-29,3
2186436,2,2004-04-21,3
2252223,5,2004-06-24,3
780282,4,2004-06-06,3
203667,5,2003-03-25,3
2338873,5,2003-03-18,3
479779,4,2004-01-13,3
1927897,5,2004-07-27,3
719833,4,2003-09-08,3
871489,5,2004-09-14,3
968765,5,2004-10-11,3
1057518,4,2005-01-03,3
257517,4,2004-05-17,3
2003554,4,2003-04-25,3
2203875,4,2003-03-07,3
2213289,5,2003-06-06,3
2630072,3,2003-12-02,3
1142291,4,2005-08-22,3
1733188,4,2004-03-24,3
1614895,4,2003-09-13,3
1947922,2,2004-02-19,3
1036823,3,2004-09-20,3
786312,3,2004-11-06,3
1197233,2,2005-02-17,3
1100037,3,2005-04-02,3
1130826,3,2005-05-02,3
620147,5,2005-05-26,3
1479047,4,2005-09-27,3
1221390,4,2003-02-17,3
2193643,5,2003-06-04,3
544496,2,2004-02-02,3
357507,3,2003-03-04,3
976059,3,2004-06-22,3
820624,4,2004-02-09,3
924839,5,2004-05-18,3
966255,4,2004-07-09,3
108052,4,2005-03-22,3
375319,4,2005-09-15,3
309333,4,2005-10-16,3
1599030,5,2003-03-05,3
2443370,4,2003-07-07,3
871580,3,2003-05-13,3
311641,1,2005-08-27,3
532382,4,2003-08-21,3
2378011,5,2004-01-27,3
946970,4,2004-01-23,3
175763,4,2004-05-04,3
619721,4,2004-10-27,3
1248452,3,2005-01-20,3
1863843,2,2005-06-29,3
1915354,4,2005-10-20,3
920625,2,2005-11-14,3
1100170,4,2005-12-18,3
1733406,4,2003-03-26,3
755319,3,2005-08-14,3
1743030,3,2004-04-05,3
309567,2,2003-05-07,3
2096587,5,2003-06-09,3
345869,4,2004-08-08,3
1544094,5,2005-02-22,3
1022903,4,2005-09-14,3
290951,4,2003-02-24,3
1737484,4,2004-08-16,3
183215,4,2005-08-15,3
2065639,4,2004-04-02,3
250836,3,2005-09-08,3
2126122,4,2005-02-22,3
1206452,4,2005-03-21,3
2068821,3,2005-05-30,3
1924939,4,2005-10-25,3
1940163,4,2005-07-14,3
1033433,2,2004-06-05,3
1213801,3,2003-04-09,3
1045221,1,2003-05-13,3
253037,3,2005-08-05,3
341954,2,2003-12-15,3
697945,4,2003-05-28,3
1115632,3,2003-11-24,3
2103655,3,2003-08-01,3
2495200,5,2004-10-05,3
714550,4,2005-04-02,3
979820,1,2005-06-26,3
514312,3,2004-05-19,3
2025577,3,2003-08-22,3
1589677,4,2003-06-12,3
425033,3,2003-06-13,3
2352327,4,2004-09-08,3
156078,5,2004-08-03,3
851855,4,2003-05-20,3
2441707,3,2003-05-23,3
1278394,4,2003-06-07,3
962955,2,2003-10-03,3
811218,5,2004-05-11,3
636475,3,2005-01-29,3
1087412,4,2005-02-20,3
410537,4,2005-06-06,3
1586499,3,2003-07-28,3
917063,4,2003-02-15,3
1023101,3,2003-08-04,3
2393306,4,2004-08-31,3
788774,4,2003-04-25,3
2586963,4,2003-06-08,3
2368791,3,2003-04-30,3
244266,3,2003-12-04,3
2622138,1,2004-02-23,3
793228,4,2004-05-19,3
1283965,4,2005-11-08,3
2135038,4,2003-10-20,3
722006,4,2005-02-20,3
1511683,1,2003-05-30,3
1939663,4,2003-07-20,3
1763372,3,2003-06-18,3
1834472,3,2003-04-08,3
209549,5,2004-06-15,3
515850,5,2003-09-23,3
1455472,2,2004-06-22,3
2301782,4,2004-11-08,3
770921,5,2004-12-13,3
297498,5,2005-04-04,3
386510,5,2005-09-16,3
2494367,2,2005-10-08,3
1607574,4,2005-10-20,3
1594095,4,2004-09-08,3
1124822,4,2005-08-15,3
544022,3,2004-08-19,3
1817216,2,2003-06-10,3
1931698,2,2004-07-08,3
569099,3,2003-05-19,3
1771085,2,2003-07-21,3
604949,4,2004-09-19,3
213541,3,2004-10-31,3
790920,3,2004-12-02,3
2554707,4,2005-03-08,3
376148,5,2005-04-25,3
1689439,5,2004-06-25,3
2485566,5,2004-08-09,3
2232958,4,2004-03-01,3
2267858,3,2003-04-24,3
1956967,4,2005-08-13,3
2494005,2,2005-08-27,3
323148,3,2003-11-29,3
2158065,4,2003-10-28,3
2370268,4,2003-09-29,3
2152838,5,2004-08-01,3
1407746,3,2004-08-19,3
1666581,4,2005-05-25,3
871548,5,2005-03-10,3
2385706,4,2003-04-23,3
1969676,5,2004-01-26,3
1927329,5,2004-01-06,3
1938559,5,2004-06-21,3
199769,4,2004-01-22,3
2576108,1,2003-06-16,3
162854,4,2004-10-25,3
215406,5,2005-02-18,3
2095263,4,2005-05-22,3
556045,5,2005-10-18,3
817851,4,2004-01-17,3
2491399,2,2005-07-24,3
1134816,4,2003-07-23,3
660454,4,2003-03-24,3
581199,4,2003-10-27,3
1545189,4,2003-07-07,3
1929487,3,2005-09-04,3
528384,5,2003-09-26,3
2646115,3,2003-10-08,3
727242,1,2005-01-04,3
883478,1,2005-10-27,3
247940,4,2003-08-29,3
369761,3,2003-08-19,3
1065126,4,2004-03-09,3
1101467,4,2003-07-29,3
393413,3,2004-04-06,3
478176,4,2004-05-26,3
1369550,3,2004-10-11,3
2428502,4,2005-12-05,3
282525,4,2003-02-21,3
2085230,4,2004-03-15,3
282522,3,2003-06-18,3
2246070,3,2004-01-06,3
532649,3,2004-01-19,3
1053903,2,2004-05-02,3
1521266,3,2004-09-28,3
2303969,4,2004-12-27,3
2580481,2,2005-03-08,3
2551806,5,2003-02-17,3
1749903,4,2003-07-30,3
2549926,5,2003-06-20,3
781779,3,2003-06-17,3
22853,4,2004-02-10,3
1788346,1,2003-05-19,3
1858421,4,2004-02-01,3
354704,3,2003-10-15,3
841137,5,2004-07-19,3
475797,4,2004-05-11,3
1876156,3,2005-01-12,3
769670,4,2005-01-19,3
1272379,1,2005-01-19,3
2170930,1,2005-06-27,3
788185,3,2004-01-25,3
336990,3,2003-08-25,3
2625746,2,2003-06-30,3
2627825,3,2005-03-01,3
109124,4,2005-03-12,3
834128,3,2005-05-10,3
113694,4,2005-06-12,3
32555,2,2003-12-15,3
592671,3,2003-05-10,3
2618956,4,2003-07-10,3
1871063,2,2004-07-12,3
2437901,3,2004-05-28,3
951568,3,2004-07-28,3
1314869,2,2005-06-14,3
1370323,4,2005-06-29,3
475143,4,2005-09-12,3
1618217,5,2005-10-31,3
1547807,3,2004-05-25,3
968759,3,2003-02-14,3
2299121,1,2003-09-04,3
477486,3,2003-08-03,3
1307784,4,2004-10-18,3
1234622,4,2004-10-21,3
164845,1,2005-03-04,3
1318399,4,2005-04-21,3
2178924,4,2003-05-04,3
1022046,5,2004-01-28,3
962342,4,2003-09-25,3
636262,1,2005-08-22,3
334051,4,2003-05-20,3
665242,2,2003-07-15,3
701615,3,2005-10-12,3
1304280,4,2003-11-26,3
2237185,4,2003-02-13,3
2175436,3,2003-08-04,3
406221,3,2005-08-02,3
1926750,5,2003-03-21,3
257250,4,2004-02-25,3
1281248,2,2003-06-13,3
2128386,4,2003-05-08,3
179647,5,2003-07-31,3
1029943,3,2005-10-31,3
786695,4,2003-08-25,3
1532433,4,2003-05-07,3
2316025,3,2003-03-14,3
2506266,5,2003-07-08,3
1130920,5,2003-05-08,3
1928584,4,2004-06-23,3
35770,5,2004-12-28,3
1055670,2,2004-04-15,3
1740800,5,2004-01-10,3
254887,4,2003-02-21,3
187322,4,2003-06-11,3
2361606,5,2004-04-07,3
118694,3,2004-07-30,3
1878820,3,2003-06-16,3
2391686,3,2004-09-12,3
126899,3,2004-10-18,3
2269450,3,2004-10-26,3
2130480,5,2005-02-16,3
1819462,1,2005-04-12,3
1130533,3,2005-05-04,3
178511,2,2005-12-10,3
1649641,3,2005-07-08,3
1630448,2,2003-08-16,3
2439493,1,2003-02-12,3
2160278,3,2003-10-29,3
767139,4,2004-07-30,3
1025764,3,2003-10-28,3
964865,4,2003-09-07,3
500867,3,2004-09-03,3
294943,4,2004-03-02,3
176054,1,2004-12-17,3
1697078,2,2005-01-04,3
2031917,3,2005-01-04,3
1068821,4,2005-10-29,3
120004,3,2004-05-05,3
1367949,2,2004-01-11,3
1205848,4,2003-08-07,3
1386457,3,2003-03-11,3
1252571,3,2005-08-08,3
283935,3,2004-05-24,3
137360,2,2005-08-14,3
1204833,5,2003-07-24,3
504593,4,2004-01-23,3
2141351,4,2005-08-30,3
1873737,5,2004-02-22,3
388752,4,2004-11-17,3
2601604,4,2005-11-07,3
2609783,4,2005-12-01,3
478484,4,2004-07-12,3
148844,4,2005-08-02,3
253394,5,2003-04-25,3
705026,3,2003-06-04,3
1634333,5,2003-07-10,3
2040306,4,2004-04-23,3
44402,4,2005-11-27,3
2040110,3,2005-10-30,3
2052691,3,2003-05-04,3
187834,3,2003-12-24,3
2340535,4,2004-06-23,3
489033,1,2003-12-03,3
2526250,3,2005-08-30,3
561923,3,2004-06-05,3
2092379,4,2004-03-10,3
1998346,4,2004-04-12,3
1144273,4,2005-03-23,3
328674,3,2005-04-26,3
47512,4,2005-07-01,3
2159701,4,2005-11-14,3
2069119,4,2005-12-11,3
1241521,3,2005-07-14,3
1616563,4,2003-03-17,3
1095071,4,2004-01-07,3
1105606,4,2003-10-02,3
1806991,5,2003-12-18,3
169126,5,2003-10-23,3
1386030,4,2004-02-24,3
238740,3,2004-08-29,3
2083665,2,2004-10-02,3
2491723,4,2005-03-20,3
1045551,3,2005-04-08,3
1873176,5,2003-05-22,3
965528,4,2004-01-09,3
593454,4,2004-01-14,3
2291427,3,2005-08-14,3
1182116,3,2003-04-24,3
2245500,2,2003-12-23,3
677213,4,2004-10-13,3
1927891,4,2005-02-01,3
1163795,4,2005-03-28,3
2079661,3,2005-06-21,3
828724,4,2005-09-08,3
2560039,3,2005-11-04,3
704538,4,2004-07-21,3
1873379,4,2003-02-13,3
277990,4,2003-11-26,3
1052493,4,2004-04-15,3
1945838,4,2003-06-03,3
1770331,5,2003-06-07,3
2584024,3,2005-06-07,3
1654540,4,2005-10-16,3
2419782,3,2004-03-16,3
2068749,3,2003-07-18,3
2331444,3,2003-03-07,3
1150223,5,2004-01-30,3
755056,2,2003-06-10,3
1646880,4,2004-05-19,3
1506586,3,2004-02-16,3
2267950,4,2004-02-02,3
1188701,4,2004-05-29,3
2531820,4,2004-12-13,3
1848973,5,2005-04-22,3
1024854,3,2003-09-19,3
50123,3,2003-08-13,3
631945,4,2004-06-12,3
1122977,3,2004-02-15,3
1486636,3,2004-01-07,3
1374830,4,2004-04-21,3
630174,4,2004-11-02,3
1068377,5,2004-03-14,3
2070019,4,2005-01-19,3
1146281,4,2003-04-17,3
1136807,4,2003-02-21,3
1931131,5,2003-12-11,3
2043472,4,2004-02-22,3
1276114,3,2003-06-07,3
1950189,3,2003-05-20,3
1046918,5,2003-08-31,3
1320942,5,2003-12-30,3
2091987,2,2004-07-14,3
2523426,5,2004-05-27,3
808635,3,2004-05-05,3
1149883,4,2004-10-28,3
908840,5,2005-06-20,3
61765,4,2005-11-12,3
565510,3,2003-03-09,3
2592894,4,2003-06-16,3
1528420,4,2003-06-23,3
563607,4,2003-08-04,3
66230,3,2004-04-09,3
1598429,2,2004-06-22,3
593167,3,2003-06-12,3
1765182,4,2004-07-01,3
2264426,5,2005-09-02,3
2427632,3,2005-09-04,3
698713,4,2004-04-15,3
510719,4,2005-03-31,3
521461,3,2005-04-28,3
1399261,3,2004-08-11,3
1902658,4,2003-09-15,3
2455107,3,2004-03-30,3
728801,4,2004-04-19,3
2138332,4,2003-03-11,3
1963179,3,2004-03-08,3
1057394,3,2004-11-07,3
1741962,3,2003-03-13,3
2415330,4,2003-09-25,3
2429036,4,2004-04-20,3
212591,4,2003-03-04,3
1200589,3,2004-02-23,3
2385738,3,2004-09-12,3
275639,4,2004-06-04,3
1177340,4,2004-12-07,3
1412189,5,2005-02-06,3
799974,4,2005-04-15,3
808966,4,2005-10-01,3
640743,3,2003-02-13,3
126083,3,2003-03-08,3
755976,4,2003-09-22,3
1210264,4,2003-07-30,3
207781,4,2004-04-19,3
1252629,4,2004-06-17,3
1551753,3,2004-09-15,3
380673,3,2005-01-19,3
2552842,4,2003-06-06,3
783779,4,2003-08-20,3
2201544,4,2005-08-01,3
1449353,3,2003-06-03,3
528750,4,2003-04-24,3
1931520,4,2004-01-28,3
2258411,3,2003-07-21,3
1797618,4,2004-01-01,3
1489854,4,2005-03-10,3
204178,4,2005-05-01,3
2569181,4,2003-04-03,3
1248503,4,2004-05-20,3
2630979,4,2003-03-19,3
2261427,3,2003-04-30,3
2412908,2,2003-05-13,3
2306157,5,2004-01-28,3
952156,5,2004-03-27,3
2282361,5,2004-05-29,3
1698103,4,2003-03-30,3
1903324,1,2004-08-19,3
1387650,3,2004-04-27,3
2322625,4,2004-08-08,3
1542242,4,2004-03-14,3
572124,4,2004-06-08,3
2607695,4,2003-05-28,3
2331728,3,2004-02-23,3
222897,4,2004-03-26,3
2159596,5,2005-02-12,3
1270144,4,2005-09-19,3
1012590,2,2003-08-01,3
410618,2,2003-10-17,3
2261134,3,2003-06-24,3
1590745,3,2004-02-09,3
1871017,5,2004-02-18,3
818752,4,2004-06-08,3
1048289,3,2004-08-29,3
28995,4,2005-06-30,3
1517590,4,2004-02-04,3
1416480,3,2003-07-09,3
2600868,3,2003-04-17,3
650828,3,2004-07-14,3
1606088,1,2003-06-11,3
776473,4,2003-06-24,3
1531396,4,2004-04-16,3
2415196,3,2004-03-16,3
573330,4,2005-02-24,3
1471616,5,2005-05-18,3
2197203,4,2005-09-10,3
2369629,4,2005-07-18,3
1404157,1,2003-07-02,3
1427751,3,2003-11-06,3
780687,4,2003-05-27,3
115108,3,2003-03-04,3
306622,5,2004-04-13,3
1246260,3,2004-06-28,3
1312336,4,2004-07-21,3
664185,4,2005-02-20,3
975911,4,2003-11-29,3
132691,4,2003-03-12,3
2564320,3,2003-05-13,3
493009,3,2004-08-25,3
766872,5,2004-03-24,3
2176039,3,2004-01-30,3
767052,3,2004-01-29,3
1265961,4,2004-08-25,3
2457095,1,2004-09-29,3
1791461,4,2004-10-14,3
2353520,4,2005-03-26,3
1760074,4,2005-05-16,3
277837,2,2005-05-30,3
2573212,3,2005-11-08,3
1460897,4,2005-07-17,3
1828803,3,2003-08-27,3
133322,4,2004-04-20,3
596255,1,2005-08-18,3
170874,4,2004-04-02,3
2370423,4,2004-04-27,3
939186,3,2004-09-27,3
1208920,3,2004-12-01,3
1766721,5,2005-03-27,3
1218004,4,2005-04-14,3
2596745,4,2005-05-09,3
745661,2,2005-06-09,3
2235676,4,2005-11-30,3
1446775,4,2003-02-20,3
2141037,5,2003-04-14,3
660962,4,2003-11-03,3
1346995,5,2004-06-23,3
1982434,3,2003-08-05,3
2421781,3,2004-09-17,3
1148318,4,2004-11-29,3
769824,4,2004-12-19,3
499971,5,2005-01-10,3
1105029,3,2005-02-25,3
1611056,3,2005-04-13,3
789530,5,2005-05-05,3
1742530,4,2005-09-27,3
1437916,4,2005-12-12,3
226609,5,2003-06-18,3
2380272,4,2003-09-07,3
2261864,4,2003-10-14,3
1868998,5,2003-12-10,3
2538387,3,2005-08-31,3
188104,3,2004-04-08,3
1114552,3,2004-04-09,3
2323050,3,2004-07-26,3
253900,5,2004-10-15,3
1816177,5,2005-03-05,3
2427438,4,2003-11-26,3
528343,3,2003-10-30,3
163515,4,2003-10-22,3
974525,3,2005-08-07,3
2206130,4,2003-12-18,3
2309882,4,2003-03-31,3
1787324,5,2004-02-14,3
1764923,4,2004-10-13,3
1215094,4,2005-07-10,3
2589029,3,2004-07-30,3
344444,3,2004-04-17,3
1301832,4,2003-08-20,3
87664,3,2003-08-26,3
192539,4,2003-09-22,3
1426472,4,2004-03-15,3
1614939,3,2005-10-24,3
2369855,4,2005-07-13,3
522534,2,2003-05-04,3
1098735,2,2004-07-09,3
1262754,4,2005-02-19,3
761585,4,2003-09-04,3
1560333,4,2004-12-04,3
1204995,3,2003-06-12,3
1327359,3,2003-08-20,3
2013314,4,2004-11-16,3
130968,4,2005-01-31,3
364140,4,2005-09-18,3
2632269,5,2005-10-31,3
494633,4,2004-04-14,3
1500112,4,2005-07-14,3
1599561,4,2003-05-29,3
1316434,4,2003-12-02,3
2515053,3,2003-09-29,3
1171843,5,2003-07-22,3
234141,2,2003-03-13,3
1668888,5,2003-06-30,3
968745,3,2003-07-26,3
546933,4,2003-05-28,3
1392235,4,2004-02-22,3
6384,3,2003-08-26,3
745706,3,2004-02-05,3
608018,5,2004-09-26,3
1674012,3,2004-11-03,3
2494445,3,2005-05-11,3
1076614,3,2005-05-12,3
2189341,3,2005-06-07,3
749164,4,2005-06-20,3
2616210,2,2005-12-06,3
307313,5,2005-07-05,3
2496050,4,2003-08-19,3
299857,3,2004-04-05,3
967839,2,2005-07-26,3
919805,4,2004-05-19,3
282268,4,2005-08-02,3
2053378,3,2003-08-13,3
1774181,4,2003-12-23,3
1533440,4,2005-10-22,3
2541654,3,2003-04-21,3
237824,3,2003-05-20,3
1080789,3,2004-04-12,3
2604320,5,2004-04-29,3
6510,3,2004-09-13,3
414045,5,2004-06-20,3
81036,4,2004-11-29,3
1187347,2,2004-12-10,3
2163577,3,2005-03-11,3
936199,3,2005-03-14,3
747695,4,2005-07-12,3
787391,4,2003-03-17,3
2320915,4,2003-06-10,3
2578149,3,2004-01-06,3
2343458,5,2004-04-02,3
2163341,4,2004-10-25,3
2629551,5,2004-11-03,3
1888597,4,2005-07-14,3
313158,5,2003-05-23,3
2641668,4,2003-04-07,3
1917839,3,2004-06-15,3
504296,3,2003-08-18,3
2431172,5,2004-02-18,3
1994646,4,2004-05-10,3
46360,5,2004-09-17,3
173571,5,2004-11-04,3
1080008,3,2005-09-18,3
1085488,4,2005-11-20,3
1731912,4,2005-02-20,3
1527679,4,2003-02-24,3
1434479,5,2005-07-29,3
2311464,3,2003-04-01,3
1394194,3,2003-06-02,3
2430230,5,2003-03-28,3
330329,5,2004-10-07,3
525648,4,2004-12-01,3
1529214,3,2004-12-09,3
952748,4,2004-12-26,3
1031887,4,2004-12-28,3
2354593,2,2005-01-19,3
341649,3,2005-01-22,3
2476384,3,2005-01-23,3
595870,1,2005-01-29,3
618288,5,2005-03-17,3
592281,3,2003-05-04,3
1174779,4,2003-11-03,3
2146656,1,2003-05-29,3
1813526,5,2003-07-07,3
41947,3,2003-10-04,3
532710,3,2003-06-05,3
502145,4,2003-11-06,3
1578883,5,2004-07-17,3
1722588,5,2003-05-31,3
2335640,3,2004-06-08,3
1214640,3,2005-06-20,3
174107,4,2005-11-07,3
1580424,4,2005-12-01,3
1566551,4,2003-05-28,3
718211,4,2003-05-19,3
986066,3,2004-08-17,3
1139969,3,2003-06-02,3
2464102,5,2003-10-30,3
1800842,5,2004-04-21,3
1321352,4,2004-08-30,3
1507034,3,2005-03-16,3
1591987,3,2005-05-17,3
1830000,5,2005-07-21,3
106442,2,2003-07-10,3
285765,4,2004-02-06,3
235124,4,2003-07-21,3
2012052,5,2004-02-18,3
1180049,3,2004-10-19,3
620063,5,2005-01-31,3
2552319,3,2005-04-03,3
2235548,2,2003-06-24,3
634604,5,2005-07-12,3
820357,5,2003-05-23,3
657582,4,2003-02-21,3
2334738,5,2005-08-09,3
1053090,4,2003-11-16,3
1606520,3,2003-08-04,3
46567,4,2005-08-16,3
303270,2,2003-06-23,3
1388915,4,2004-01-21,3
470596,3,2004-02-09,3
1969536,5,2005-03-09,3
1541638,4,2005-10-08,3
2588486,3,2004-08-19,3
214262,3,2004-02-18,3
701692,3,2003-04-08,3
10996,2,2003-11-28,3
2054241,4,2005-09-07,3
1343649,4,2004-03-16,3
1973244,4,2005-03-03,3
659526,4,2005-05-29,3
842962,4,2005-06-24,3
2243988,4,2003-02-14,3
2639813,3,2004-01-04,3
1255155,4,2004-06-14,3
2359486,4,2003-08-03,3
1767741,4,2004-01-09,3
975790,4,2004-06-03,3
694149,3,2004-09-01,3
1650580,4,2005-02-28,3
2168594,3,2005-04-26,3
2476740,4,2005-06-17,3
382660,4,2005-07-04,3
1364733,5,2005-09-28,3
2118126,2,2004-08-08,3
1799047,3,2003-03-24,3
895914,3,2005-01-08,3
1241999,4,2004-10-20,3
1209934,4,2004-12-17,3
945888,4,2005-01-13,3
1007254,4,2005-02-27,3
336842,4,2005-05-29,3
1948594,4,2005-10-28,3
1982967,2,2003-02-16,3
2510089,4,2005-07-29,3
957941,3,2004-02-11,3
1444657,4,2003-03-25,3
213486,4,2003-04-30,3
969759,5,2004-09-03,3
788698,3,2003-11-29,3
2078462,3,2004-05-17,3
2381019,5,2004-08-09,3
931055,3,2005-04-08,3
1684416,4,2005-05-05,3
2357357,2,2005-09-13,3
1664010,5,2005-10-14,3
1573289,4,2005-11-15,3
577547,5,2003-02-26,3
939840,3,2003-04-28,3
601868,4,2003-07-16,3
1434651,3,2004-06-22,3
1096430,2,2004-04-22,3
586741,3,2005-03-28,3
1043428,2,2005-04-14,3
822575,4,2005-09-17,3
2567000,2,2005-11-18,3
907023,4,2003-03-31,3
1924500,2,2003-04-15,3
134288,3,2003-06-14,3
1662102,4,2003-06-23,3
2249828,3,2005-01-31,3
2424335,3,2005-11-15,3
1071305,4,2003-03-31,3
556534,3,2003-07-22,3
2180134,5,2005-08-15,3
1361124,5,2003-05-03,3
576990,1,2004-12-17,3
2446163,3,2005-10-24,3
317848,4,2004-07-18,3
937412,5,2003-06-30,3
1968068,4,2003-12-31,3
395098,2,2005-08-09,3
1523143,5,2003-08-13,3
1872926,3,2004-01-06,3
1735700,4,2003-10-24,3
1524620,3,2004-02-09,3
212652,5,2003-09-12,3
1207990,4,2004-04-23,3
2007573,4,2003-07-12,3
2363785,4,2004-12-06,3
1582905,5,2003-08-22,3
480206,4,2003-03-03,3
1583947,4,2004-05-27,3
2121501,5,2004-04-08,3
1808876,4,2003-07-07,3
2045112,1,2004-04-02,3
791029,3,2004-06-15,3
122302,5,2004-09-27,3
1648933,4,2004-10-15,3
517794,4,2004-10-20,3
2263838,4,2004-11-27,3
105322,2,2004-12-27,3
1598669,3,2005-03-01,3
599635,4,2005-03-21,3
689205,4,2005-09-09,3
1114669,3,2004-02-03,3
2088375,3,2003-06-09,3
1838839,3,2003-03-20,3
373441,5,2003-06-23,3
918187,5,2004-01-26,3
1241131,5,2003-08-05,3
2535238,4,2004-05-11,3
2490563,3,2004-10-08,3
2130988,5,2005-06-12,3
1304156,3,2003-03-14,3
1249592,4,2004-07-20,3
2140261,2,2005-07-24,3
773165,4,2003-04-29,3
1610234,1,2005-08-17,3
594196,5,2004-01-31,3
853383,4,2003-10-23,3
592455,2,2003-10-03,3
1730699,4,2004-01-12,3
2456574,4,2004-08-16,3
2477231,4,2004-07-14,3
1679973,3,2004-02-12,3
877394,4,2004-12-16,3
606570,4,2005-05-27,3
2490049,3,2005-06-15,3
552356,3,2005-12-22,3
127911,2,2004-01-01,3
1419705,4,2003-04-22,3
963611,4,2003-03-19,3
1189199,3,2004-03-10,3
1925002,4,2004-05-01,3
873713,1,2004-10-25,3
2325455,4,2005-10-17,3
1645664,1,2003-05-21,3
2318004,4,2004-02-05,3
1107183,5,2003-07-06,3
2296192,4,2004-03-01,3
734381,5,2004-06-22,3
25049,4,2004-05-17,3
2050199,3,2005-06-28,3
360757,3,2005-10-21,3
580784,3,2003-08-08,3
286684,3,2004-01-31,3
273641,3,2003-10-13,3
2318471,3,2003-07-25,3
400785,3,2004-07-26,3
1071088,4,2003-09-08,3
1887644,4,2005-11-18,3
1825647,4,2003-02-14,3
2028133,4,2004-02-20,3
1982293,5,2003-04-10,3
818615,4,2003-06-26,3
2142951,4,2004-05-19,3
1848868,4,2003-03-08,3
2573391,3,2003-04-17,3
1309777,4,2003-09-06,3
40112,4,2003-03-16,3
2385945,3,2003-06-15,3
1627242,4,2003-03-22,3
500866,4,2003-05-24,3
271028,4,2003-09-09,3
691212,4,2004-08-18,3
675111,3,2003-10-22,3
177615,4,2004-10-03,3
2387369,4,2005-06-17,3
2212303,3,2004-03-02,3
1897386,3,2004-07-13,3
396140,4,2003-05-22,3
1822608,3,2003-06-02,3
1190391,5,2003-10-06,3
1502301,4,2003-11-05,3
966716,5,2004-10-09,3
1901682,4,2005-01-26,3
2360612,4,2005-06-06,3
289419,5,2005-11-22,3
1508115,4,2005-07-12,3
1300105,3,2005-07-12,3
2638972,4,2003-07-12,3
565401,5,2003-02-18,3
950631,3,2004-09-07,3
250597,4,2005-08-13,3
2011181,4,2004-03-12,3
238130,3,2004-05-03,3
318409,2,2004-09-19,3
2546859,3,2004-10-13,3
799810,2,2005-09-10,3
1998128,4,2003-07-31,3
1824009,5,2003-02-20,3
2625471,4,2003-10-03,3
2382844,5,2004-07-10,3
2460844,3,2004-02-08,3
2532041,4,2004-05-23,3
2303590,3,2004-11-23,3
771637,3,2004-11-30,3
1196471,5,2003-09-22,3
252818,4,2004-02-09,3
2072907,4,2004-02-06,3
191678,5,2004-02-19,3
368786,3,2005-02-13,3
1935793,1,2005-03-23,3
2127528,5,2005-06-13,3
14035,5,2005-10-12,3
2509302,5,2003-12-15,3
2393981,4,2004-03-27,3
2506048,4,2004-08-24,3
2253090,3,2003-03-04,3
2440601,4,2003-04-06,3
2182390,4,2003-08-19,3
2219240,3,2005-08-20,3
759509,2,2004-02-12,3
1753949,3,2004-04-16,3
2616793,5,2005-03-21,3
1279413,5,2005-04-10,3
1961586,4,2005-04-15,3
1788052,5,2005-10-17,3
2623717,4,2003-08-20,3
446889,3,2004-01-20,3
780253,2,2003-02-24,3
2113709,4,2003-04-11,3
66852,3,2004-01-18,3
707012,5,2003-09-17,3
2315555,3,2005-09-02,3
483380,4,2003-10-30,3
1940324,4,2003-09-12,3
916101,2,2004-04-30,3
377975,3,2004-12-26,3
2620317,4,2005-01-04,3
1204665,4,2005-01-11,3
53663,3,2005-02-08,3
1255507,4,2005-04-14,3
332805,4,2005-04-19,3
349821,4,2005-09-21,3
1739440,4,2003-04-15,3
1431663,4,2003-07-14,3
1708442,4,2004-04-20,3
1011106,4,2004-07-08,3
1904916,4,2003-05-20,3
859412,5,2004-04-07,3
1663717,3,2003-03-03,3
168939,5,2003-10-15,3
2568375,4,2004-06-15,3
1001461,3,2003-12-04,3
693162,3,2004-01-24,3
2306557,4,2004-10-18,3
1425295,3,2005-02-25,3
2319412,5,2005-06-02,3
2171387,5,2005-09-10,3
5225,4,2005-07-07,3
2541854,5,2003-04-09,3
797889,4,2003-10-07,3
1667341,4,2003-04-30,3
1168312,4,2004-01-30,3
679042,4,2003-03-10,3
2349577,4,2003-08-03,3
854949,4,2003-07-20,3
2291306,2,2004-02-19,3
2310747,4,2004-08-11,3
282736,4,2004-09-20,3
2498387,3,2004-10-04,3
244062,3,2004-11-24,3
1788839,4,2005-05-06,3
2470497,4,2005-06-06,3
2001318,4,2003-05-28,3
340279,4,2003-08-04,3
1672270,3,2003-09-17,3
300962,5,2003-02-16,3
1114714,4,2003-11-14,3
1717162,2,2003-07-07,3
2046267,3,2003-07-16,3
902495,5,2003-09-20,3
824980,2,2003-12-01,3
427346,4,2004-02-01,3
531125,1,2004-07-20,3
2178437,4,2005-01-29,3
423402,3,2005-03-02,3
939439,4,2005-05-02,3
2216837,4,2005-05-25,3
195008,4,2005-12-13,3
1477176,3,2005-07-18,3
2550711,3,2004-07-17,3
2394410,3,2003-11-08,3
673040,3,2003-03-20,3
653682,3,2003-06-16,3
458859,4,2004-11-04,3
1765372,4,2004-11-09,3
850959,4,2005-09-28,3
171881,5,2005-10-24,3
333257,4,2005-07-08,3
513050,3,2003-06-11,3
2397497,5,2003-08-18,3
718564,3,2003-10-27,3
565962,5,2003-08-29,3
1746477,4,2004-09-08,3
1967585,3,2003-02-13,3
1600170,3,2003-05-30,3
1432546,4,2004-01-07,3
1409864,5,2004-03-02,3
542345,4,2004-08-05,3
1972244,3,2004-07-25,3
1912781,5,2005-02-07,3
1699645,4,2005-09-20,3
815695,4,2005-09-27,3
320972,5,2004-07-01,3
1662883,3,2003-08-28,3
1269998,3,2003-03-07,3
1520403,4,2003-07-10,3
2253583,3,2003-06-09,3
1113667,4,2004-01-07,3
513930,3,2003-04-21,3
1055669,5,2003-05-06,3
382405,4,2003-04-21,3
1424177,5,2003-08-11,3
1341822,3,2004-02-23,3
186973,5,2004-12-29,3
1377693,5,2005-03-06,3
2340579,3,2005-09-21,3
1514528,4,2005-09-22,3
465276,5,2005-07-22,3
1233239,5,2004-09-10,3
450285,4,2004-08-23,3
2567571,1,2004-02-19,3
2646591,4,2003-04-21,3
323983,4,2003-03-21,3
1988071,5,2003-07-30,3
2176634,4,2003-05-26,3
2002948,3,2003-09-06,3
1448818,3,2004-09-22,3
273047,2,2004-10-13,3
1560653,4,2004-11-03,3
1240730,4,2004-12-13,3
1528767,4,2005-02-10,3
1957291,2,2005-07-19,3
2331421,4,2004-02-27,3
1317671,3,2004-10-12,3
356515,3,2005-04-12,3
1907559,3,2003-07-24,3
2133574,3,2003-05-14,3
1264021,4,2003-09-26,3
831364,5,2003-08-03,3
1254363,4,2003-04-30,3
384821,4,2004-03-01,3
2625327,3,2004-01-05,3
821727,4,2004-03-08,3
1218968,3,2003-11-12,3
204104,5,2004-12-16,3
1591925,4,2005-10-04,3
442911,3,2005-12-04,3
2153128,3,2003-05-30,3
2131774,2,2004-12-03,3
1139925,5,2003-08-28,3
91245,4,2004-01-26,3
2089599,1,2004-01-19,3
752702,1,2004-05-26,3
86901,4,2004-10-17,3
2059660,5,2005-05-19,3
588344,5,2005-06-20,3
1641505,4,2005-12-01,3
1822357,3,2003-02-13,3
1538798,4,2003-07-26,3
1520904,4,2003-04-21,3
2018983,3,2003-07-09,3
2615224,3,2003-06-20,3
2203182,3,2005-02-18,3
1235651,2,2004-04-08,3
2444204,4,2003-10-08,3
254222,3,2004-08-29,3
406219,3,2004-05-24,3
1389295,4,2004-04-16,3
2384389,4,2004-09-27,3
1167852,5,2004-10-06,3
1822349,2,2005-01-04,3
2606799,2,2005-05-16,3
1993442,5,2005-12-16,3
1404431,3,2004-06-16,3
407675,3,2004-03-22,3
973553,5,2003-08-13,3
117878,4,2004-07-27,3
1843253,4,2004-05-21,3
827502,4,2003-08-02,3
723983,3,2004-06-27,3
2296114,4,2005-03-26,3
1984315,3,2005-04-06,3
152441,4,2003-04-03,3
2241241,3,2003-08-10,3
556249,3,2003-06-09,3
1382951,4,2003-10-18,3
401178,4,2003-07-11,3
2307036,3,2004-06-28,3
1147677,3,2004-06-20,3
1051159,4,2003-05-19,3
957368,4,2004-02-03,3
2041322,3,2004-10-21,3
1432211,3,2004-11-15,3
966771,4,2005-03-01,3
664705,5,2003-09-03,3
341587,4,2004-06-01,3
1526467,1,2003-02-26,3
611883,4,2004-01-18,3
1324333,5,2004-02-02,3
1996328,5,2004-07-24,3
1925306,4,2005-02-01,3
896636,4,2005-04-17,3
296193,4,2005-11-17,3
2213342,4,2003-02-18,3
78684,3,2003-12-30,3
2127544,4,2004-03-04,3
759737,1,2005-08-07,3
2635895,5,2004-01-22,3
1955713,4,2004-01-29,3
2532417,5,2003-10-17,3
885932,4,2004-08-09,3
1230729,4,2004-01-28,3
2006847,4,2004-02-18,3
1531973,3,2004-09-27,3
404170,4,2003-04-16,3
375046,1,2003-03-29,3
184273,4,2003-11-28,3
2232934,5,2004-04-22,3
1494376,3,2004-04-15,3
901137,5,2004-06-21,3
491513,4,2004-07-09,3
414236,4,2005-10-11,3
504624,4,2004-08-25,3
789014,1,2003-02-11,3
1685083,5,2004-04-26,3
594683,5,2004-05-14,3
1788335,1,2003-03-19,3
890323,4,2003-08-06,3
1353746,4,2003-06-03,3
1964351,3,2004-06-28,3
798296,4,2004-09-21,3
586421,4,2004-12-16,3
895969,4,2005-06-02,3
682963,3,2005-06-20,3
665941,3,2005-09-12,3
1086213,4,2005-10-10,3
545026,4,2005-10-16,3
37939,2,2005-07-11,3
1932915,3,2003-04-21,3
1373119,4,2005-08-01,3
2423552,3,2003-10-13,3
16272,4,2003-02-13,3
999444,4,2003-04-25,3
2194081,4,2004-05-15,3
848260,3,2004-02-18,3
1880039,3,2004-10-25,3
1059076,3,2005-01-04,3
38129,5,2005-02-07,3
421817,2,2005-03-16,3
191450,5,2005-03-29,3
114072,5,2005-10-09,3
306495,4,2005-07-12,3
1235873,2,2003-05-17,3
60973,4,2003-08-17,3
762240,4,2004-07-14,3
641785,3,2003-10-11,3
805157,4,2004-04-15,3
573995,4,2004-06-19,3
1506872,3,2004-12-08,3
2561674,1,2005-12-04,3
1082332,3,2003-06-11,3
738379,4,2005-07-18,3
308307,5,2004-01-05,3
1999678,5,2003-06-29,3
2616272,5,2003-10-14,3
1889913,5,2004-06-23,3
807048,5,2003-04-17,3
2391281,3,2004-01-30,3
1687564,4,2003-04-29,3
176936,5,2003-07-22,3
63593,1,2004-06-05,3
2266937,3,2004-01-11,3
683123,3,2005-02-24,3
1662118,2,2005-04-20,3
959486,5,2005-06-04,3
766450,3,2005-06-29,3
971925,5,2005-09-25,3
531396,3,2005-11-23,3
2465085,4,2004-02-10,3
1871020,3,2003-05-22,3
315433,2,2003-09-15,3
393945,2,2005-08-15,3
2385435,5,2004-02-10,3
447468,5,2004-05-24,3
983123,5,2005-02-23,3
819822,2,2005-06-19,3
1627849,2,2003-08-19,3
538741,4,2003-10-31,3
1835786,4,2003-09-29,3
2458504,4,2003-07-20,3
1765674,2,2003-05-09,3
1698999,4,2005-11-03,3
557801,3,2005-11-21,3
2390623,3,2005-12-07,3
561184,3,2005-12-07,3
2603174,3,2003-08-21,3
1691501,4,2003-03-10,3
1269384,4,2003-03-13,3
589596,4,2003-03-14,3
358117,4,2003-03-21,3
2032635,4,2004-03-05,3
259796,3,2004-04-07,3
1627955,2,2004-05-12,3
545639,4,2004-11-20,3
1948576,4,2004-12-16,3
2043149,4,2005-04-12,3
1462330,4,2005-05-19,3
4783,4,2003-04-25,3
2258234,4,2003-11-04,3
83278,4,2003-07-02,3
1326029,3,2005-09-04,3
742738,4,2004-11-11,3
2164873,4,2005-01-22,3
2503577,2,2005-03-13,3
216174,3,2005-06-27,3
1268000,3,2005-10-04,3
1854660,1,2005-10-17,3
466257,4,2005-10-25,3
720145,3,2003-06-11,3
319229,3,2003-08-17,3
1321550,1,2003-09-10,3
305344,2,2003-03-23,3
2334574,1,2003-04-08,3
964421,3,2003-05-16,3
560851,4,2004-08-03,3
198000,4,2004-09-28,3
2645530,3,2004-10-01,3
684741,2,2004-12-22,3
983558,4,2005-04-10,3
2227769,3,2005-12-18,3
1459464,4,2003-07-10,3
2552980,3,2005-02-20,3
635285,3,2003-12-08,3
1099321,3,2004-05-10,3
2318706,4,2003-06-10,3
610188,2,2003-06-11,3
1682749,5,2004-04-13,3
1608241,5,2004-02-03,3
1689050,4,2004-05-29,3
219293,4,2004-10-16,3
1561588,3,2004-12-06,3
806027,1,2005-02-02,3
836357,4,2005-11-17,3
21296,4,2003-09-04,3
203011,5,2003-02-14,3
849369,5,2003-08-18,3
2516973,3,2003-05-27,3
1240995,4,2003-08-21,3
2490971,2,2003-06-23,3
401681,3,2004-01-26,3
1092852,4,2005-12-24,3
10251,4,2004-06-02,3
1403217,2,2005-08-03,3
1187765,4,2003-05-07,3
683751,4,2004-02-18,3
2115337,4,2004-02-10,3
2276790,5,2004-01-28,3
788321,3,2004-07-19,3
495268,5,2004-06-05,3
1035089,4,2005-11-11,3
2251677,2,2005-12-19,3
639533,4,2003-02-21,3
328293,3,2003-09-11,3
524628,4,2003-03-13,3
806438,5,2003-07-01,3
787827,4,2004-01-31,3
2148273,2,2003-04-30,3
1561147,3,2003-08-23,3
1841288,4,2003-07-10,3
1494569,2,2003-08-17,3
2290685,3,2004-02-05,3
2083947,5,2004-09-19,3
53694,4,2004-11-03,3
1362324,3,2004-11-23,3
373416,4,2005-02-22,3
2147527,1,2005-11-11,3
2564278,4,2005-11-01,3
2117724,4,2003-03-04,3
74441,4,2004-02-11,3
138034,4,2003-06-10,3
1087472,5,2003-04-03,3
512629,3,2003-09-22,3
2191089,5,2003-10-03,3
2004485,4,2004-09-10,3
2319295,4,2004-01-08,3
1526229,3,2003-09-11,3
1393576,3,2004-05-03,3
2483219,3,2005-02-21,3
289781,5,2005-03-14,3
1412436,5,2005-03-20,3
1395781,4,2003-03-27,3
63971,4,2003-06-12,3
2294689,1,2003-07-13,3
586652,5,2004-08-04,3
1621023,5,2003-10-07,3
400661,5,2003-11-28,3
2242527,5,2004-02-27,3
2253048,4,2005-01-03,3
1420370,2,2005-01-19,3
1986227,4,2005-04-10,3
1884004,4,2005-07-14,3
1250364,4,2003-03-17,3
2470712,3,2004-03-15,3
779616,4,2003-08-13,3
600994,5,2004-04-20,3
1315290,4,2004-05-31,3
333552,5,2004-06-10,3
2105602,5,2004-11-16,3
111343,4,2004-12-08,3
1115476,4,2005-02-03,3
1081091,4,2005-02-27,3
946691,4,2005-05-02,3
306569,3,2003-12-18,3
1551571,4,2003-05-06,3
1404389,4,2003-06-30,3
1842623,4,2005-06-05,3
1477365,4,2003-04-16,3
1400325,3,2003-02-18,3
89234,3,2003-07-28,3
2074458,2,2005-08-23,3
2076243,3,2003-11-10,3
1859908,3,2005-03-08,3
2575399,4,2005-11-27,3
1444062,4,2003-09-08,3
1150258,3,2004-03-22,3
745688,2,2003-06-09,3
2438229,4,2003-06-03,3
2625405,4,2003-06-19,3
1328118,4,2003-03-10,3
1509354,4,2005-08-26,3
312621,4,2004-08-25,3
1039242,5,2004-07-06,3
2460555,4,2004-05-17,3
1945220,4,2005-07-18,3
2513539,4,2003-06-27,3
1036626,4,2004-06-01,3
1612920,5,2004-08-09,3
1252595,3,2004-09-07,3
1869907,5,2004-10-20,3
1242313,4,2004-11-25,3
1888794,3,2005-03-08,3
1569467,5,2005-06-12,3
884199,4,2005-10-05,3
1798520,4,2004-02-19,3
1040848,4,2003-08-08,3
1212152,5,2005-08-08,3
1967013,4,2003-11-17,3
2304048,3,2005-02-19,3
463136,3,2004-01-18,3
2386085,3,2005-08-27,3
477422,5,2005-03-16,3
2373324,5,2003-09-21,3
1870129,3,2004-08-16,3
2295698,4,2004-10-03,3
1546077,3,2004-12-17,3
1189371,3,2004-07-27,3
2531380,4,2003-07-22,3
1891476,3,2003-06-19,3
1494603,2,2004-07-27,3
1430847,3,2005-01-09,3
1214332,4,2003-11-25,3
1623720,5,2003-02-18,3
1758386,5,2004-04-23,3
2446682,4,2004-08-01,3
1929531,3,2004-11-03,3
455953,5,2005-01-29,3
223160,2,2005-06-13,3
2486115,4,2005-07-01,3
1763451,4,2003-03-09,3
1538611,5,2004-07-30,3
2122313,3,2003-04-16,3
167949,3,2003-03-25,3
501174,4,2005-08-24,3
2293636,4,2003-12-19,3
1746268,5,2004-02-02,3
88263,5,2004-05-10,3
2191815,4,2005-02-09,3
1886074,3,2003-07-14,3
652369,4,2004-09-03,3
2090790,4,2004-05-04,3
1940461,3,2003-09-02,3
1469792,4,2004-06-01,3
1590456,5,2004-01-28,3
1284975,4,2004-10-08,3
154368,3,2005-06-01,3
1191821,3,2003-05-04,3
2597239,3,2004-04-17,3
217658,4,2005-07-26,3
608554,4,2003-09-29,3
868700,4,2004-02-12,3
137602,3,2003-02-14,3
223543,4,2003-06-11,3
987447,4,2003-06-12,3
1082193,4,2004-02-20,3
1565082,4,2003-09-02,3
351819,4,2003-10-21,3
2563363,5,2004-03-26,3
1218159,4,2004-09-21,3
429701,4,2004-12-16,3
606144,1,2005-01-19,3
969462,5,2005-05-06,3
1202962,2,2003-02-24,3
1580032,4,2004-07-08,3
2224936,5,2003-11-20,3
1075444,3,2004-02-11,3
746965,3,2004-07-11,3
1560817,5,2004-10-05,3
1604779,4,2005-04-20,3
2033859,3,2005-05-17,3
667422,4,2005-09-21,3
1687227,5,2005-10-20,3
511899,4,2003-08-27,3
1807600,4,2003-10-13,3
680740,3,2003-03-08,3
763240,3,2003-02-21,3
6460,5,2003-10-07,3
313269,3,2005-05-30,3
2297310,5,2005-11-01,3
1148976,4,2005-11-27,3
2466272,3,2004-04-11,3
1010200,4,2004-07-05,3
2207065,4,2003-11-19,3
2614156,4,2004-01-02,3
1289218,3,2005-09-06,3
2539966,4,2005-06-12,3
1858079,3,2005-06-07,3
924775,3,2005-06-16,3
2429231,3,2005-08-04,3
1379159,5,2003-07-03,3
2368790,4,2004-05-13,3
713559,5,2005-09-07,3
1435594,3,2004-06-02,3
1645555,2,2004-11-05,3
2255880,4,2005-06-08,3
251322,4,2005-06-29,3
2616920,3,2004-03-15,3
2425709,4,2003-07-21,3
2312124,5,2004-01-05,3
864542,2,2004-03-02,3
2381925,5,2005-04-01,3
2631658,3,2003-03-30,3
2274497,4,2003-06-06,3
1392933,4,2004-09-14,3
661662,5,2003-04-03,3
2015125,4,2003-06-13,3
2134527,4,2005-08-24,3
2056022,2,2004-10-04,3
603543,4,2004-12-01,3
326356,3,2005-01-27,3
915647,3,2005-03-13,3
125283,4,2005-09-29,3
915643,2,2005-11-13,3
1140453,4,2005-07-08,3
288727,3,2004-02-04,3
2177175,5,2003-05-06,3
243220,4,2003-11-18,3
2397248,5,2003-04-21,3
1854652,4,2004-06-12,3
834844,3,2004-10-01,3
682402,5,2005-04-18,3
1523608,5,2003-05-27,3
2607433,4,2003-06-01,3
1030744,4,2004-03-03,3
1938323,4,2003-05-19,3
2452028,5,2003-06-16,3
1777053,3,2003-10-15,3
1539594,3,2004-03-02,3
2523066,4,2004-01-24,3
307427,2,2004-03-04,3
2492984,4,2004-06-13,3
822886,4,2005-01-10,3
1450405,3,2003-07-30,3
868600,5,2004-06-29,3
1792548,3,2003-05-07,3
1750424,5,2003-08-20,3
979424,4,2003-08-18,3
1550359,2,2004-08-09,3
1765966,5,2004-06-16,3
512598,4,2004-01-23,3
2023003,3,2004-07-28,3
2117432,4,2005-02-10,3
1716556,2,2004-07-02,3
2431167,4,2004-11-01,3
607980,3,2004-11-09,3
354344,3,2004-11-18,3
2063641,4,2005-01-20,3
140284,4,2005-09-27,3
1390438,5,2005-10-03,3
16229,4,2005-11-09,3
823979,3,2005-12-06,3
15420,2,2004-03-29,3
599584,3,2003-04-14,3
2096537,4,2004-03-12,3
1559400,3,2004-05-03,3
1546923,4,2003-04-08,3
1153447,4,2004-03-23,3
1157750,5,2005-08-22,3
994829,3,2003-05-14,3
1817346,3,2004-05-14,3
1376738,2,2004-10-11,3
570522,5,2005-06-27,3
1830265,3,2004-06-02,3
1199203,3,2005-08-04,3
2114859,4,2003-09-15,3
2450534,5,2004-02-10,3
582996,4,2004-11-15,3
2143622,3,2004-12-27,3
1875549,4,2005-03-14,3
411886,4,2005-04-06,3
2190625,1,2004-07-09,3
1716507,3,2003-08-14,3
1166536,2,2003-08-28,3
1622637,4,2003-11-24,3
250002,2,2003-04-08,3
762808,3,2004-04-19,3
231745,3,2004-03-05,3
2023568,4,2004-07-28,3
230265,5,2005-02-22,3
152713,4,2005-04-22,3
587685,4,2005-04-28,3
1037705,4,2005-11-17,3
1964540,5,2004-05-28,3
772538,3,2003-06-12,3
879644,4,2003-09-11,3
323134,4,2004-08-04,3
2220732,1,2003-12-29,3
1486507,4,2005-02-24,3
322064,1,2005-11-08,3
157701,4,2003-08-28,3
798281,4,2003-07-10,3
864786,3,2003-08-18,3
2588949,5,2003-07-08,3
926515,4,2004-04-17,3
1562179,4,2005-01-03,3
2554525,3,2005-05-09,3
1501100,5,2005-05-13,3
1161500,4,2005-07-07,3
1087409,4,2003-05-26,3
1056156,4,2004-11-26,3
395655,3,2003-03-08,3
46086,4,2003-03-31,3
1193026,3,2003-07-07,3
782566,3,2004-03-14,3
1275080,4,2004-04-14,3
1468428,4,2003-11-10,3
575867,4,2003-09-30,3
2118461,4,2005-10-22,3
1209560,4,2003-04-28,3
2644536,5,2005-07-26,3
913558,3,2003-06-30,3
1275089,4,2003-04-12,3
802623,4,2003-09-22,3
2241897,3,2004-09-17,3
618726,5,2005-05-16,3
1337699,4,2003-02-21,3
424947,5,2004-02-03,3
1253222,3,2004-01-23,3
115267,4,2003-10-22,3
2520261,4,2004-04-16,3
1937413,5,2005-05-04,3
1891613,4,2005-05-29,3
872408,4,2005-07-12,3
2145605,5,2004-06-02,3
2254751,4,2004-09-07,3
165831,4,2003-09-28,3
387418,2,2003-08-25,3
1579698,2,2003-05-27,3
818804,3,2004-06-23,3
1344394,3,2003-07-07,3
1215825,5,2003-06-10,3
541826,5,2003-07-07,3
2017438,4,2004-04-21,3
1342591,3,2004-09-27,3
1543897,4,2004-12-28,3
372910,4,2005-02-21,3
375177,5,2005-05-16,3
321519,3,2005-05-31,3
2222089,2,2003-02-18,3
835881,4,2003-10-12,3
1543836,2,2004-09-15,3
744011,1,2004-07-29,3
2272652,4,2003-09-02,3
381346,3,2004-06-08,3
2213523,3,2003-08-26,3
2370204,5,2003-04-07,3
223334,4,2003-05-21,3
1991906,3,2003-10-21,3
2200505,3,2004-03-09,3
689229,4,2004-05-04,3
1943182,3,2004-04-21,3
360287,4,2004-08-26,3
2205307,3,2004-10-06,3
2426367,5,2004-12-20,3
2318282,3,2005-02-01,3
2588755,4,2005-06-08,3
2510122,5,2005-07-06,3
803605,4,2003-06-23,3
2377537,5,2004-03-23,3
1056859,3,2003-04-23,3
411471,5,2003-05-27,3
1560852,1,2003-06-02,3
2384185,5,2003-11-27,3
1309057,4,2004-05-03,3
352571,4,2005-03-05,3
2192258,4,2005-09-12,3
340618,5,2005-09-12,3
2375867,3,2005-11-04,3
499369,4,2005-11-23,3
794052,3,2003-08-26,3
2613200,3,2003-08-18,3
333358,4,2003-04-22,3
1738839,4,2004-02-22,3
72148,5,2004-03-17,3
1391510,1,2004-04-29,3
1939561,5,2004-06-16,3
700747,3,2004-08-10,3
2540964,3,2005-05-19,3
1926723,3,2004-06-14,3
1876574,5,2004-04-13,3
331430,4,2003-08-04,3
399727,4,2003-02-26,3
775436,4,2003-08-05,3
1772511,4,2004-08-30,3
1163598,4,2004-04-12,3
1926710,3,2004-04-14,3
164942,5,2004-09-25,3
966899,4,2004-11-09,3
693542,5,2004-12-27,3
1760487,4,2005-03-13,3
421509,3,2005-04-20,3
1372231,3,2004-04-09,3
981733,4,2003-04-16,3
1444903,4,2004-04-05,3
1932594,1,2004-08-22,3
689166,5,2004-03-01,3
794999,5,2004-05-28,3
155159,1,2003-03-21,3
1949919,3,2003-04-10,3
756162,4,2003-03-25,3
2190996,3,2003-05-11,3
875013,4,2004-04-07,3
1347925,4,2005-09-05,3
2534154,3,2005-10-28,3
32902,4,2004-01-16,3
1971428,2,2004-08-15,3
886790,5,2004-11-12,3
2186537,2,2005-02-28,3
1769465,4,2005-05-20,3
776316,3,2003-07-10,3
1228452,3,2005-07-16,3
1687201,4,2004-08-11,3
1797112,5,2004-04-09,3
1534107,3,2003-12-03,3
2126686,5,2004-04-06,3
540807,5,2004-03-11,3
1387015,5,2003-07-10,3
992857,1,2004-06-14,3
2595219,4,2003-11-06,3
1098655,3,2005-03-04,3
162303,5,2005-08-05,3
1331628,4,2003-03-18,3
1663888,5,2003-11-03,3
2009400,4,2005-08-16,3
387819,4,2004-08-17,3
870421,1,2005-08-27,3
1966687,3,2004-08-02,3
1257336,1,2004-11-30,3
2418503,4,2004-12-29,3
2214337,4,2005-03-21,3
2635940,4,2005-09-07,3
988997,3,2005-10-31,3
858666,4,2005-07-12,3
1461435,1,2003-04-01,3
1654269,3,2004-07-08,3
2253616,5,2003-08-25,3
1404191,5,2004-09-27,3
27061,5,2004-10-14,3
1984358,2,2005-06-24,3
575714,3,2003-02-12,3
21777,3,2003-08-28,3
952120,2,2003-03-17,3
1161142,1,2003-07-08,3
841014,3,2004-07-20,3
1796812,2,2004-09-21,3
370052,4,2004-12-30,3
2128674,4,2005-05-02,3
1077120,3,2005-10-20,3
1475422,2,2005-10-24,3
1984465,4,2005-10-31,3
2090063,3,2003-04-23,3
2032162,2,2003-06-03,3
1668623,5,2003-07-31,3
2180053,3,2005-08-23,3
2152292,3,2003-08-04,3
2139350,4,2004-08-25,3
820868,3,2004-10-21,3
2629961,4,2004-11-17,3
356269,4,2005-03-18,3
807418,3,2005-09-15,3
1215832,4,2005-11-13,3
1037245,3,2005-12-27,3
1419805,4,2005-07-12,3
947483,3,2004-02-19,3
453043,2,2003-11-07,3
781347,4,2004-01-27,3
2326945,4,2003-05-27,3
133129,4,2003-07-14,3
1252450,4,2003-12-03,3
795638,5,2003-04-18,3
86987,2,2003-07-27,3
2613654,4,2003-06-20,3
1176145,3,2004-08-19,3
699412,3,2005-11-04,3
29948,3,2003-12-21,3
256633,3,2003-07-10,3
1129884,3,2003-11-28,3
1608536,5,2003-07-29,3
2232711,5,2003-07-17,3
1021435,4,2003-03-26,3
416805,5,2004-08-10,3
333843,1,2004-03-19,3
102859,5,2004-04-05,3
2007431,5,2004-09-19,3
51413,4,2004-11-10,3
355875,2,2004-11-23,3
496645,4,2005-03-21,3
177678,4,2005-03-28,3
2329745,4,2005-06-29,3
1294001,4,2004-03-01,3
1639792,1,2003-02-12,3
101554,2,2003-05-16,3
1427265,4,2003-11-22,3
100029,5,2003-09-18,3
23174,5,2003-03-07,3
2572475,5,2003-09-23,3
810305,4,2004-01-16,3
1470425,4,2004-04-02,3
931256,4,2004-11-30,3
222128,5,2005-02-27,3
2336129,4,2005-04-17,3
2111055,4,2005-06-16,3
1657693,4,2005-11-11,3
2426624,3,2003-03-05,3
57633,4,2003-04-23,3
1985660,4,2004-03-14,3
1868129,5,2003-09-15,3
168829,5,2003-11-11,3
2095896,4,2004-02-17,3
1763703,5,2004-01-12,3
2583029,3,2004-08-19,3
461099,4,2005-01-19,3
371701,2,2005-03-31,3
1035139,3,2005-10-24,3
2124138,4,2005-11-21,3
513933,3,2004-08-07,3
1507727,2,2003-03-26,3
2468303,4,2003-08-04,3
2505514,3,2003-07-31,3
136160,3,2003-11-20,3
832117,4,2005-09-06,3
206865,4,2004-02-22,3
1370511,4,2004-01-05,3
2373033,4,2004-01-09,3
2143500,3,2004-12-31,3
2316252,4,2005-06-28,3
78404,5,2003-11-12,3
792758,3,2003-02-21,3
2441882,4,2003-05-09,3
1759957,4,2003-12-01,3
2295960,2,2003-07-22,3
1176132,4,2003-07-02,3
918295,4,2004-01-21,3
1736609,2,2004-12-07,3
1925305,4,2003-03-13,3
1964334,4,2003-05-24,3
1726918,4,2005-02-18,3
1985710,3,2005-03-08,3
1327792,5,2005-06-28,3
1460343,3,2005-10-10,3
432751,3,2004-07-26,3
2000582,3,2003-06-05,3
707854,5,2003-06-24,3
533381,4,2003-05-21,3
1334851,4,2005-08-22,3
1361614,5,2004-01-04,3
2384355,4,2005-08-29,3
749353,4,2004-08-14,3
2598895,4,2004-09-28,3
263213,3,2005-01-24,3
702686,5,2005-01-30,3
2621962,4,2005-03-08,3
1938237,4,2005-03-25,3
1496560,5,2005-05-03,3
1081461,3,2005-05-10,3
1586341,5,2004-04-02,3
2396324,3,2004-09-14,3
2219092,4,2004-06-24,3
1809137,4,2003-03-05,3
371525,1,2004-04-12,3
1589202,3,2005-08-28,3
2521375,3,2005-08-31,3
1520257,4,2004-10-02,3
2023200,3,2004-11-21,3
254465,4,2004-12-16,3
2331547,3,2005-04-15,3
1660803,4,2005-09-17,3
1822229,5,2005-12-12,3
33849,4,2005-07-11,3
1187524,5,2004-09-14,3
1970041,4,2003-10-22,3
1782983,3,2003-07-10,3
55296,4,2003-05-08,3
2280102,4,2005-08-17,3
161615,3,2004-04-05,3
2295256,4,2003-08-20,3
1766102,3,2004-01-30,3
1707198,4,2004-12-20,3
1852040,2,2004-08-21,3
2015275,3,2004-05-26,3
383284,3,2004-11-07,3
1112365,1,2004-11-11,3
1639566,3,2004-12-17,3
1208313,4,2005-09-23,3
188514,5,2003-12-28,3
747986,4,2004-04-05,3
527684,4,2005-08-16,3
2423287,3,2004-01-02,3
2495357,3,2004-08-12,3
3417,5,2005-09-27,3
2561197,4,2003-06-09,3
2583888,5,2004-07-04,3
316155,4,2003-07-19,3
1888927,4,2004-01-20,3
1193917,3,2003-11-17,3
964676,3,2004-01-31,3
1541347,3,2003-10-22,3
1991729,4,2004-05-21,3
1634219,4,2004-03-05,3
2615035,4,2004-12-12,3
2005487,1,2003-08-05,3
478688,4,2004-05-17,3
201338,3,2004-06-22,3
553632,2,2004-03-08,3
1648638,4,2003-05-28,3
16818,3,2004-02-23,3
231338,3,2005-02-14,3
100006,3,2005-04-27,3
2000256,3,2005-06-15,3
407204,2,2005-11-23,3
517335,4,2003-06-27,3
461344,4,2004-05-02,3
1954880,3,2003-08-01,3
200177,4,2004-04-17,3
1162805,4,2003-09-17,3
2506286,5,2003-08-14,3
435285,5,2003-06-23,3
875448,4,2005-08-27,3
3718,4,2004-02-09,3
906675,5,2004-01-05,3
540794,3,2004-04-27,3
2125045,5,2004-10-15,3
701514,4,2004-12-31,3
2601857,4,2005-05-10,3
2010898,4,2005-05-26,3
1857639,4,2005-09-15,3
2023241,5,2005-11-02,3
2274199,4,2004-04-27,3
1882882,4,2003-08-04,3
1868233,4,2004-04-20,3
1360936,4,2003-08-07,3
1109823,5,2003-11-11,3
668703,5,2004-04-13,3
1881770,5,2004-06-29,3
1217660,4,2004-11-05,3
1533807,2,2005-04-21,3
2433609,4,2004-06-04,3
810473,3,2004-06-07,3
2000928,4,2004-09-21,3
2242356,5,2004-10-21,3
539743,2,2005-07-13,3
867624,4,2003-11-08,3
220024,5,2004-03-22,3
1418638,4,2004-06-24,3
1067151,2,2003-05-30,3
704856,4,2003-08-22,3
1114063,4,2003-11-14,3
312506,3,2004-03-24,3
542027,4,2004-08-03,3
773532,5,2004-09-17,3
1686810,4,2004-12-31,3
1240085,5,2005-10-14,3
255120,3,2005-07-26,3
46222,4,2004-07-28,3
47541,3,2003-05-01,3
1319051,4,2004-05-05,3
2550775,2,2004-03-23,3
2425210,4,2004-04-23,3
2374451,4,2004-06-19,3
1998163,3,2005-01-05,3
1213178,4,2005-11-09,3
371061,4,2004-05-16,3
2448838,5,2003-07-01,3
2537473,3,2003-05-21,3
900899,3,2003-03-04,3
963009,3,2003-08-04,3
1640549,3,2004-11-04,3
690746,5,2005-01-03,3
1300759,4,2005-04-18,3
2572942,4,2005-04-29,3
1269875,4,2005-06-15,3
2081473,4,2005-10-03,3
1166107,5,2005-11-01,3
1921572,4,2004-07-06,3
2373946,3,2003-07-02,3
1511584,3,2003-09-16,3
2374464,4,2004-01-29,3
2154579,3,2004-06-16,3
2118159,4,2004-10-20,3
1607300,5,2004-10-26,3
2456457,4,2004-12-07,3
1961675,4,2005-02-01,3
262367,2,2005-03-21,3
1829072,4,2005-06-30,3
520675,4,2005-11-19,3
1065039,3,2005-09-06,4
1544320,1,2004-06-28,4
410199,5,2004-10-16,4
732556,3,2005-10-29,4
1201419,1,2005-02-21,4
668811,1,2004-05-17,4
303948,2,2004-09-13,4
2418760,4,2004-09-22,4
848193,4,2004-03-15,4
950078,5,2004-08-26,4
1519860,3,2005-07-26,4
1695221,5,2005-03-21,4
757837,3,2004-09-10,4
863898,1,2005-05-15,4
1893150,5,2004-04-04,4
1465754,3,2005-01-12,4
1130594,5,2004-12-07,4
2359084,3,2005-04-02,4
592684,5,2004-08-09,4
2439493,1,2003-12-06,4
156319,2,2005-02-05,4
1664020,2,2004-01-08,4
327721,4,2004-06-09,4
1962074,2,2005-02-05,4
1278643,1,2004-10-16,4
240779,4,2005-04-19,4
578237,2,2004-07-02,4
1584876,2,2004-06-16,4
1773727,3,2004-08-09,4
2468305,1,2005-08-20,4
2111656,5,2004-06-18,4
721992,4,2004-08-17,4
1396036,3,2004-05-20,4
2144266,3,2005-02-03,4
929092,3,2004-07-30,4
1840165,1,2004-05-10,4
2415196,1,2004-01-09,4
1419978,5,2004-07-01,4
1839246,1,2003-12-20,4
1807693,2,2005-02-20,4
2404644,3,2004-04-28,4
2434289,2,2005-09-26,4
679555,5,2004-02-11,4
1768736,3,2004-07-20,4
1207913,2,2005-07-02,4
2050053,3,2005-04-17,4
2010977,2,2005-02-15,4
2104457,3,2004-06-09,4
1119024,3,2005-05-02,4
1664010,3,2005-10-14,4
500325,1,2003-12-29,4
1949730,3,2004-04-28,4
1127519,4,2004-01-31,4
1064952,5,2004-12-21,4
305416,4,2005-05-08,4
1209465,5,2004-11-14,4
42773,3,2005-01-19,4
661894,4,2004-07-04,4
2562578,5,2005-03-19,4
1775273,4,2004-03-26,4
1103874,2,2005-03-01,4
364517,3,2005-04-04,4
2216334,3,2004-04-25,4
2614895,1,2004-08-16,4
1708170,3,2004-09-24,4
1985748,2,2004-02-24,4
2616793,2,2004-11-02,4
381418,4,2005-01-02,4
722591,4,2004-01-03,4
2291306,1,2004-10-04,4
2371497,3,2004-07-12,4
98649,2,2004-11-02,4
2503620,1,2004-10-06,4
768442,3,2004-04-16,4
1425731,2,2004-06-15,4
983261,3,2005-09-11,4
2558357,3,2005-09-07,4
1656198,3,2004-11-09,4
1231504,3,2005-05-11,4
957368,2,2005-03-22,4
924647,3,2004-07-29,4
967,1,2005-01-25,4
165720,2,2004-06-18,4
2285289,2,2005-02-08,4
16272,2,2003-12-12,4
2267322,1,2003-12-20,4
1278390,4,2004-12-08,4
604568,4,2004-12-16,4
1773723,1,2005-02-07,4
305344,1,2003-12-13,4
884500,2,2005-06-08,4
822501,1,2004-07-26,4
2473473,4,2004-02-06,4
1606487,2,2004-11-07,4
21722,3,2004-12-19,4
1898553,3,2004-01-19,4
2522577,1,2004-05-27,4
1864553,3,2005-07-25,4
2498512,4,2005-01-11,4
2636781,2,2004-10-28,4
2067541,2,2005-07-22,4
2487182,2,2005-01-30,4
1433682,3,2004-07-03,4
2299673,1,2005-04-24,4
2357450,5,2004-08-02,4
433955,2,2004-06-15,4
1026790,1,2005-03-07,4
48286,5,2005-02-01,4
1800093,2,2005-11-30,4
1057551,2,2004-11-29,4
2118461,3,2005-12-20,4
1125538,4,2004-10-15,4
387418,2,2003-12-09,4
2092145,2,2004-04-14,4
2485803,4,2004-02-15,4
1592861,3,2005-04-02,4
1629989,2,2004-08-06,4
685253,2,2004-07-20,4
224739,1,2005-02-05,4
2573419,3,2005-12-27,4
1461435,1,2005-08-17,4
2292189,2,2005-03-22,4
1867448,3,2004-04-14,4
1785307,1,2005-05-06,4
1176296,5,2004-03-04,4
1512991,1,2004-12-09,4
582829,1,2004-01-04,4
1114033,5,2005-04-23,4
1758289,3,2005-02-28,4
2503502,3,2004-01-07,4
923650,2,2005-06-19,4
7798,4,2004-07-27,4
965629,2,2004-02-11,4
966983,3,2005-03-20,4
1231198,1,2004-01-27,4
173428,5,2004-04-12,4
1097846,1,2005-03-27,4
165821,5,2004-01-29,4
2610012,3,2004-07-21,4
2275124,5,2005-04-28,4
1918397,1,2004-06-29,4
1310542,4,2004-03-30,4
1745265,5,2005-02-08,5
885013,5,2005-05-15,5
1997470,5,2005-05-30,5
30878,1,2005-04-27,5
840543,4,2005-07-10,5
2477414,5,2005-03-14,5
1409354,3,2005-04-27,5
589967,4,2005-06-10,5
264160,5,2005-07-12,5
2084362,4,2005-08-11,5
1881496,3,2005-04-06,5
240705,5,2005-04-24,5
1650301,2,2005-10-03,5
1815614,1,2005-11-09,5
1454357,4,2005-08-10,5
624145,3,2004-12-30,5
1310327,4,2005-02-06,5
2012897,5,2005-02-28,5
17063,5,2005-03-01,5
47411,5,2005-04-03,5
966474,5,2005-10-06,5
1985633,4,2004-11-27,5
47195,5,2004-11-19,5
2365827,5,2004-12-22,5
2451669,4,2005-01-10,5
378377,3,2005-01-19,5
2029786,4,2005-01-20,5
2183726,4,2005-01-26,5
36818,5,2005-02-01,5
1247469,5,2005-03-22,5
729471,4,2005-06-08,5
2371776,3,2005-10-06,5
1903571,5,2005-11-10,5
1422810,4,2004-12-27,5
2101722,4,2005-06-30,5
2187025,2,2005-09-16,5
122846,5,2005-04-08,5
167540,1,2005-04-18,5
1518964,3,2005-04-19,5
154819,3,2005-07-18,5
161395,4,2005-08-18,5
2083234,5,2004-12-15,5
1083500,4,2005-01-11,5
119496,5,2005-02-02,5
440789,4,2005-03-23,5
710202,2,2005-06-12,5
659037,5,2005-07-01,5
152619,3,2005-09-19,5
2064033,1,2005-10-20,5
2469155,5,2005-07-20,5
1148739,5,2004-11-24,5
39526,4,2005-01-20,5
2211487,4,2005-03-07,5
81608,3,2005-03-08,5
1702824,3,2005-05-17,5
526348,5,2005-06-04,5
809943,4,2005-06-07,5
1357151,1,2005-10-17,5
2519335,5,2005-02-09,5
1293611,5,2005-09-14,5
229971,1,2005-08-05,5
1920472,5,2005-02-15,5
2092288,4,2005-03-04,5
1208745,4,2005-03-21,5
600362,1,2005-09-09,5
482328,5,2005-01-19,5
483018,5,2005-06-09,5
350559,5,2005-06-18,5
1547617,5,2005-08-23,5
1232953,4,2005-01-20,5
856985,3,2005-04-06,5
2119007,5,2005-08-20,5
142054,5,2004-12-29,5
650326,5,2005-01-11,5
1183833,5,2005-03-16,5
794717,3,2005-04-18,5
467152,5,2005-07-03,5
2425992,4,2005-09-25,5
1564058,4,2005-10-07,5
952944,3,2005-12-19,5
1202823,4,2005-12-13,5
1040453,5,2005-01-20,5
2415579,3,2005-01-26,5
1085863,3,2005-02-18,5
783838,4,2005-04-25,5
401047,1,2005-06-03,5
2151076,3,2005-06-03,5
314110,5,2005-08-05,5
2560258,5,2004-12-20,5
2413982,4,2004-12-29,5
1049975,4,2004-12-29,5
2537655,3,2005-02-17,5
921104,3,2005-02-28,5
2346936,3,2005-03-17,5
2563665,5,2005-04-08,5
2647871,5,2005-05-09,5
2528088,4,2005-05-31,5
1784150,2,2005-06-07,5
1749746,5,2005-08-29,5
1318167,4,2005-01-22,5
162804,5,2004-12-25,5
743694,5,2005-01-07,5
1207247,5,2005-04-04,5
350055,4,2005-05-27,5
2523436,5,2005-12-04,5
1919770,4,2005-12-27,5
903241,5,2005-08-07,5
498014,4,2005-03-02,5
11186,4,2005-03-13,5
254349,4,2005-05-17,5
480419,3,2005-09-14,5
100750,5,2005-10-12,5
2401585,5,2005-07-22,5
356771,4,2004-12-07,5
2544532,4,2005-01-25,5
1171928,5,2005-02-22,5
264429,4,2005-03-01,5
57332,5,2005-04-09,5
1613839,4,2005-04-19,5
1652711,3,2005-06-18,5
1972677,5,2005-11-17,5
2446265,4,2005-08-16,5
826604,5,2005-10-19,5
756709,1,2004-12-28,5
892663,5,2005-01-06,5
2536534,3,2005-05-25,5
198936,4,2005-07-06,5
2406644,5,2004-11-23,5
2247402,4,2005-10-09,5
1928179,4,2005-02-08,5
1145629,4,2005-04-11,5
1462959,5,2004-12-14,5
956229,1,2005-01-19,5
2648650,3,2005-04-25,5
1608763,5,2005-05-24,5
1722968,1,2005-06-18,5
1419751,1,2005-09-06,5
398551,1,2005-09-09,5
1400875,3,2005-09-23,5
87983,5,2005-02-25,5
1217714,4,2005-03-20,5
1231889,4,2005-06-03,5
1136646,4,2005-09-08,5
927276,5,2005-08-30,5
1440344,4,2004-12-01,5
852374,5,2004-12-27,5
727242,1,2005-01-24,5
938804,1,2005-09-15,5
2091844,4,2005-12-06,5
415982,5,2004-12-27,5
1030857,1,2005-02-21,5
1135243,3,2005-04-06,5
211280,3,2005-05-12,5
1256866,5,2005-06-05,5
1810565,4,2005-06-23,5
430459,5,2005-07-14,5
1282311,5,2005-08-16,5
1815688,5,2005-04-21,5
1672790,5,2005-05-02,5
1576996,4,2005-06-29,5
1216467,4,2005-10-12,5
1103576,5,2005-10-15,5
1024285,3,2005-07-27,5
88959,2,2005-08-30,5
1119579,5,2004-11-15,5
94714,3,2005-02-09,5
1013802,1,2005-02-27,5
1302057,5,2005-05-26,5
592914,4,2005-06-17,5
2570003,5,2005-10-10,5
1722346,5,2005-07-23,5
1578746,5,2004-12-19,5
1982026,5,2005-01-22,5
1748471,5,2005-12-27,5
1734371,4,2005-07-14,5
929320,5,2005-07-26,5
1658732,5,2004-12-14,5
1078032,5,2004-12-21,5
1314869,1,2005-02-10,5
851410,4,2005-02-11,5
1759886,4,2005-09-09,5
1718751,4,2005-10-30,5
909386,5,2005-11-04,5
1439866,5,2005-07-13,5
2262982,3,2005-02-06,5
2466950,5,2005-02-18,5
2449033,4,2005-03-22,5
2543811,5,2005-04-13,5
2051379,1,2005-04-14,5
1243537,5,2005-10-25,5
2080842,2,2005-08-15,5
636262,1,2005-08-23,5
611870,4,2004-11-23,5
1599245,5,2004-12-28,5
473435,5,2005-02-11,5
360394,2,2005-04-01,5
2255167,5,2005-04-12,5
2062763,4,2005-04-17,5
113585,4,2005-05-02,5
1705330,4,2005-05-12,5
523720,4,2005-09-22,5
2048858,1,2005-09-25,5
1670942,3,2005-12-15,5
430715,4,2005-12-21,5
415946,5,2005-08-03,5
2596667,4,2005-08-25,5
1407684,5,2005-09-30,5
401117,3,2005-12-20,5
1707145,1,2005-08-08,5
1727327,3,2005-08-26,5
1215759,5,2005-02-04,5
180639,1,2005-02-09,5
2075156,2,2005-02-22,5
2585607,4,2005-07-18,5
340002,5,2005-08-21,5
1819462,1,2005-03-17,5
685717,2,2005-04-04,5
2391686,4,2005-05-14,5
1740282,4,2005-05-20,5
428831,1,2005-06-25,5
1741947,1,2005-09-02,5
1844046,3,2004-12-18,5
836997,5,2005-01-11,5
2439493,1,2005-01-19,5
860246,5,2005-01-19,5
306105,5,2005-03-17,5
663309,5,2005-05-16,5
479924,5,2005-10-31,5
980693,4,2005-11-30,5
429061,4,2004-12-03,5
231625,5,2005-01-26,5
2345694,3,2005-02-26,5
2610959,5,2005-03-03,5
2005484,3,2005-03-14,5
449269,5,2005-03-17,5
2591081,5,2005-05-02,5
333514,5,2005-09-16,5
1478210,4,2005-11-20,5
2218194,5,2005-07-26,5
762066,5,2005-08-30,5
924609,5,2005-03-05,5
630196,5,2005-04-01,5
2573143,4,2005-10-19,5
266900,5,2004-12-01,5
592003,5,2005-01-03,5
569386,5,2005-01-08,5
163602,3,2005-02-03,5
824811,5,2005-04-15,5
1882319,5,2005-05-11,5
2031838,5,2005-05-27,5
2124994,5,2005-07-01,5
1452127,5,2005-07-03,5
1910320,2,2005-09-18,5
268092,3,2005-07-19,5
1439019,3,2005-02-21,5
2038778,4,2005-09-10,5
2609896,5,2005-10-29,5
1563935,1,2005-08-05,5
1206290,4,2005-02-24,5
2465597,5,2005-01-19,5
491694,4,2005-01-20,5
1946021,4,2005-02-27,5
1558516,4,2005-03-07,5
1161556,4,2005-05-18,5
1906043,4,2005-05-24,5
2191176,4,2005-07-29,5
92849,5,2005-02-10,5
2594005,4,2005-02-14,5
1297687,3,2005-03-22,5
2435695,5,2005-05-02,5
1767421,4,2005-05-30,5
755939,5,2005-06-07,5
1452454,5,2005-06-15,5
2068728,1,2005-09-10,5
2235949,4,2005-07-21,5
659639,4,2004-12-19,5
598610,4,2005-01-04,5
2282679,5,2005-03-05,5
512037,5,2005-05-26,5
75120,4,2005-06-18,5
1238047,4,2005-10-18,5
1772324,3,2005-11-09,5
382445,4,2005-08-29,5
145599,4,2005-02-03,5
2591418,5,2005-02-10,5
534046,5,2005-04-03,5
1637788,5,2005-05-25,5
99400,5,2005-09-15,5
328212,3,2005-03-05,5
592122,5,2005-06-12,5
1473980,2,2005-09-17,5
1128620,5,2005-10-03,5
2403154,4,2005-08-27,5
1303711,5,2005-01-20,5
455025,5,2005-02-06,5
2373537,5,2005-02-23,5
530475,5,2005-04-07,5
946156,5,2005-06-13,5
2577383,4,2005-12-01,5
200805,5,2005-12-09,5
1531029,1,2005-01-20,5
1150494,5,2005-02-20,5
422864,4,2005-03-08,5
2038701,3,2005-05-27,5
2158444,5,2005-09-14,5
1290356,5,2005-07-21,5
129404,5,2005-08-22,5
2259085,5,2005-08-25,5
1219097,3,2005-01-06,5
854411,5,2005-01-11,5
2536523,4,2005-02-09,5
679849,4,2005-02-25,5
2233682,5,2005-03-17,5
1363879,5,2005-11-05,5
833176,5,2005-11-10,5
1976232,5,2005-01-24,5
2159285,4,2005-03-03,5
1568186,1,2005-03-19,5
124742,5,2005-03-27,5
2153610,5,2005-01-08,5
433426,5,2005-01-28,5
1899913,5,2005-06-20,5
508584,3,2005-09-14,5
962019,4,2005-08-31,5
2534006,4,2005-08-31,5
314635,4,2004-12-13,5
2042196,4,2004-12-24,5
2269379,5,2004-12-30,5
2548334,5,2005-01-10,5
1433542,5,2005-06-10,5
1140387,5,2005-07-06,5
1119113,1,2005-08-05,5
77747,2,2004-12-15,5
1648423,5,2005-01-30,5
2467177,5,2005-05-11,5
74925,3,2005-06-30,5
902680,4,2004-12-10,5
1115198,4,2004-12-23,5
2424683,5,2005-01-24,5
1666920,3,2005-06-28,5
2164954,5,2005-08-06,5
769702,1,2005-02-26,5
1999176,2,2005-06-20,5
501823,5,2005-07-10,5
1793530,4,2004-12-15,5
1716193,5,2005-01-10,5
1743759,1,2005-01-30,5
141806,5,2005-02-01,5
944245,4,2005-02-28,5
1975202,4,2005-03-12,5
807225,5,2005-04-10,5
1905989,5,2005-04-19,5
571700,4,2005-07-14,5
1755279,3,2005-02-23,5
485369,4,2005-02-23,5
1907524,5,2005-06-06,5
1112982,4,2005-09-21,5
2289095,1,2005-10-14,5
991462,2,2005-08-26,5
649963,4,2005-02-21,5
1262327,4,2005-03-25,5
1776884,4,2005-05-24,5
1665183,5,2005-10-14,5
1806602,4,2005-02-11,5
770097,5,2005-03-19,5
329506,3,2005-03-23,5
886679,5,2005-06-08,5
376730,3,2005-02-21,5
1392168,5,2005-03-04,5
337531,4,2005-03-23,5
1961753,3,2005-07-03,5
618272,1,2005-08-14,5
132540,5,2004-12-23,5
764896,3,2005-01-26,5
162926,5,2005-02-07,5
2550506,1,2005-03-22,5
371814,5,2005-04-15,5
994993,5,2005-07-18,5
941026,2,2005-01-04,5
1284365,5,2005-01-04,5
1876928,5,2005-01-23,5
19289,5,2005-02-17,5
2254940,4,2005-02-26,5
760605,3,2005-03-14,5
806310,5,2005-05-09,5
190213,1,2005-05-23,5
2349538,5,2005-06-21,5
975600,3,2005-10-11,5
1691350,1,2005-11-23,5
2323080,4,2004-12-21,5
1577560,5,2005-01-05,5
514495,3,2005-04-13,5
721369,4,2004-12-27,5
1771090,5,2005-01-19,5
2089305,5,2005-01-22,5
608537,2,2005-05-19,5
70199,4,2005-11-09,5
621279,1,2005-07-18,5
334242,1,2005-08-23,5
869766,2,2005-01-19,5
2576076,4,2005-03-06,5
91701,5,2005-04-15,5
813424,5,2005-09-11,5
1458517,1,2005-12-01,5
2549990,5,2005-07-05,5
859146,4,2004-11-22,5
973761,5,2004-11-29,5
2441843,1,2005-06-11,5
413612,4,2005-06-14,5
2411773,3,2005-09-08,5
2189335,4,2005-10-02,5
1441164,4,2005-12-05,5
1455275,5,2005-03-18,5
1146632,4,2005-03-20,5
507603,1,2005-04-23,5
490940,5,2004-11-26,5
1678660,5,2005-02-18,5
799442,4,2005-06-26,5
2262463,3,2005-09-27,5
1496376,1,2005-10-03,5
2637755,4,2005-08-09,5
1207257,5,2005-11-28,5
1054182,4,2005-08-26,5
797951,5,2004-11-19,5
2416466,3,2004-12-06,5
2190131,5,2005-01-19,5
1916394,4,2005-02-16,5
2064713,2,2005-03-04,5
627040,5,2005-03-11,5
1640334,4,2005-12-10,5
910295,3,2005-07-24,5
1695809,4,2005-08-10,5
2473227,5,2005-02-19,5
33256,4,2004-11-29,5
1107660,5,2005-01-19,5
2386606,3,2005-01-24,5
358664,5,2005-02-02,5
1155580,4,2005-04-25,5
477101,4,2005-05-23,5
2578830,4,2005-05-30,5
407560,5,2005-06-09,5
2620775,4,2005-12-06,5
690212,2,2005-08-25,5
2260832,2,2005-02-03,5
1120985,4,2005-02-21,5
2549746,4,2005-08-26,5
117779,5,2004-12-06,5
264900,5,2005-01-24,5
713004,4,2005-01-24,5
1656133,4,2005-01-29,5
1199901,4,2005-10-09,5
1470123,4,2005-07-09,5
762640,5,2005-02-08,5
284978,5,2005-03-07,5
936891,3,2005-04-29,5
2380030,5,2005-06-28,5
1160178,5,2005-09-12,5
1595756,4,2005-11-29,5
1374068,5,2004-11-23,5
1206822,5,2005-02-26,5
2218039,5,2005-03-24,5
1583370,3,2005-03-28,5
1225396,4,2005-11-01,5
1141610,5,2005-11-24,5
107880,5,2005-08-03,5
2437761,4,2004-12-02,5
537150,4,2005-02-20,5
1679359,4,2005-03-15,5
931793,5,2005-05-10,5
1502317,3,2005-05-26,5
2327480,3,2005-08-19,5
1131860,5,2005-01-13,5
95713,5,2005-02-20,5
1934110,1,2005-09-26,5
1664010,5,2005-10-13,5
151699,5,2005-10-31,5
486822,5,2004-12-31,5
1805980,4,2005-06-20,5
2097763,4,2005-07-24,5
885940,5,2004-12-21,5
518550,5,2004-11-21,5
1542063,5,2005-02-14,5
1339769,4,2005-04-26,5
1955874,4,2005-01-24,5
1863558,4,2005-05-03,5
1354427,2,2005-09-14,5
753107,3,2005-09-07,5
744706,3,2005-02-06,5
2290290,5,2005-06-17,5
1876443,4,2005-07-28,5
1802241,5,2005-09-10,5
1491740,5,2005-02-28,5
1255433,4,2005-03-26,5
1760752,5,2005-10-25,5
1605728,4,2005-08-15,5
1133048,4,2005-03-03,5
900726,4,2005-03-15,5
804243,5,2005-06-23,5
873713,1,2005-08-30,5
1471238,5,2005-01-20,5
1442154,1,2005-02-09,5
1916302,5,2005-06-24,5
753127,4,2005-09-13,5
1405941,1,2005-07-06,5
1690808,4,2005-07-31,5
643813,4,2005-09-30,5
1580631,5,2005-01-28,5
1349661,1,2005-08-24,5
1952917,5,2005-01-04,5
300683,4,2005-01-04,5
1236246,3,2005-01-20,5
1441651,3,2005-01-25,5
634883,5,2005-02-06,5
2645214,4,2005-02-28,5
792580,1,2005-11-27,5
2375677,4,2005-07-11,5
1283426,5,2005-07-11,5
1173846,4,2005-07-12,5
1690112,5,2005-01-31,5
2204951,2,2005-02-25,5
479118,1,2005-03-22,5
1115828,5,2005-05-06,5
2491682,4,2005-03-08,5
1962176,4,2005-06-24,5
1678071,5,2005-09-18,5
519130,5,2005-10-04,5
2468972,4,2005-10-10,5
2550299,4,2005-10-28,5
382817,5,2005-10-28,5
1788942,5,2005-08-01,5
683124,5,2004-11-23,5
1116538,5,2004-12-14,5
988097,5,2005-05-20,5
977191,4,2005-06-15,5
888448,5,2005-07-02,5
1190391,3,2005-07-02,5
221558,5,2005-09-09,5
2204490,3,2005-10-20,5
848655,5,2004-11-18,5
1439651,5,2005-02-02,5
2604090,5,2005-02-28,5
1407578,1,2005-03-22,5
2156560,4,2005-09-27,5
1634594,1,2005-11-18,5
893031,4,2005-08-14,5
1864839,4,2005-01-11,5
1001775,4,2005-02-26,5
23948,4,2005-11-15,5
1948186,5,2005-12-01,5
1934271,4,2005-03-17,5
1935793,3,2005-04-18,5
2145693,5,2005-10-07,5
2170665,5,2005-11-25,5
1390884,1,2005-12-05,5
409927,5,2005-07-22,5
1622277,1,2005-08-24,5
1095459,4,2004-12-17,5
2296144,3,2004-12-21,5
660822,5,2005-03-09,5
812458,5,2005-04-16,5
81979,5,2005-04-28,5
2098404,1,2005-10-23,5
1866900,5,2005-12-17,5
2134826,4,2005-07-05,5
601778,5,2004-11-18,5
778256,5,2005-03-03,5
2396982,5,2005-12-20,5
330381,4,2005-09-08,5
64423,5,2005-01-24,5
2378494,4,2005-02-06,5
2601476,5,2005-02-22,5
613805,5,2005-04-21,5
963361,4,2005-05-07,5
1794541,5,2005-09-27,5
1922614,5,2005-10-11,5
1059847,5,2004-12-24,5
1698260,4,2005-04-22,5
2473451,5,2005-06-18,5
3321,4,2005-09-09,5
2461719,4,2004-12-25,5
1778955,3,2005-03-04,5
608234,4,2005-03-20,5
896146,5,2005-06-09,5
2126421,5,2005-09-11,5
728413,1,2005-10-09,5
261764,1,2005-11-10,5
2262004,5,2005-12-22,5
1020189,2,2005-09-24,5
1146126,5,2005-08-14,5
1800569,5,2004-12-20,5
684850,4,2005-01-04,5
1100357,4,2005-03-04,5
2056368,5,2005-11-11,5
178803,5,2004-11-22,5
1848170,5,2005-01-01,5
844642,5,2005-04-21,5
2438925,5,2005-05-26,5
647037,5,2005-05-31,5
779140,5,2005-06-08,5
805103,5,2005-06-20,5
1420596,5,2005-11-08,5
900307,4,2005-08-25,5
1749017,4,2004-12-24,5
2514909,4,2005-02-15,5
2020353,3,2005-05-24,5
448251,5,2005-09-16,5
1451564,5,2005-10-21,5
1532001,1,2005-09-04,5
724270,5,2005-01-07,5
609556,4,2005-01-19,5
849580,5,2005-01-30,5
2560342,3,2005-03-26,5
930909,5,2005-03-28,5
1093821,4,2005-09-14,5
491531,1,2005-07-24,5
1792137,1,2005-08-21,5
1597116,5,2005-08-31,5
1088785,2,2004-12-30,5
2252604,4,2005-01-25,5
1317671,2,2005-11-25,5
1767952,5,2005-07-05,5
68457,5,2004-11-29,5
1112588,5,2004-12-19,5
1962909,4,2004-12-28,5
440520,5,2005-01-06,5
2645030,5,2005-03-01,5
539354,5,2005-03-18,5
950730,5,2005-06-16,5
666860,4,2005-06-23,5
8117,5,2005-11-13,5
695915,4,2005-12-18,5
333272,3,2005-07-07,5
2627828,4,2005-07-17,5
91944,4,2004-11-29,5
1876011,5,2004-12-22,5
1777614,3,2005-09-12,5
152405,4,2004-12-20,5
2606799,1,2005-02-03,5
1780330,4,2005-02-03,5
240713,3,2005-02-13,5
2203182,1,2005-06-17,5
107494,1,2005-09-19,5
1739098,5,2005-10-17,5
777147,5,2005-08-20,5
45512,5,2004-12-27,5
688357,4,2005-01-03,5
228261,5,2005-03-07,5
553668,5,2005-03-10,5
1390458,5,2005-03-11,5
2333152,5,2005-02-01,5
1505707,5,2005-02-10,5
1171916,5,2005-02-14,5
1466233,5,2005-03-08,5
2086129,4,2005-03-28,5
2194429,1,2005-11-25,5
261262,2,2005-01-12,5
928792,4,2005-01-13,5
838702,5,2005-04-04,5
1616556,5,2005-04-29,5
851368,5,2005-05-16,5
1446048,5,2005-06-26,5
949403,5,2005-06-28,5
2452799,4,2005-07-19,5
2524059,5,2005-08-15,5
2434422,3,2005-08-20,5
201811,4,2005-06-03,5
759737,3,2005-09-18,5
1169171,5,2004-12-02,5
1823592,5,2005-02-10,5
1655508,3,2005-04-06,5
1605584,4,2005-09-25,5
492058,4,2005-11-15,5
1480841,5,2004-11-20,5
2500677,4,2005-02-01,5
860196,5,2005-02-21,5
2039673,5,2005-03-07,5
397847,5,2005-04-18,5
586421,4,2005-05-11,5
2470213,5,2005-05-29,5
807111,4,2005-06-20,5
1223473,4,2005-07-11,5
504620,1,2005-07-15,5
1071476,3,2005-03-24,5
1431901,3,2005-03-04,5
876633,3,2005-03-16,5
264679,3,2005-06-09,5
959168,3,2005-08-23,5
2561674,2,2005-09-07,5
1104245,3,2004-12-19,5
1597057,5,2004-12-30,5
1512849,2,2005-01-07,5
1706044,5,2005-01-19,5
215391,4,2005-03-10,5
194861,5,2005-04-06,5
2648122,4,2005-05-30,5
208850,5,2004-12-23,5
1686442,5,2005-01-09,5
1813846,5,2005-02-10,5
591866,3,2005-03-07,5
2283472,4,2005-03-14,5
2547639,5,2005-03-15,5
446433,2,2005-04-12,5
2048079,1,2005-04-26,5
97208,2,2005-06-26,5
383108,1,2005-06-29,5
1667288,4,2005-09-12,5
1070779,5,2005-08-28,5
319058,2,2005-01-26,5
31361,4,2005-08-24,5
1587025,5,2004-12-30,5
1866280,5,2005-01-06,5
1488781,5,2005-01-19,5
705787,3,2005-01-24,5
173784,5,2005-09-23,5
576763,5,2005-07-25,5
221630,1,2005-07-28,5
2570949,4,2005-08-03,5
966156,5,2005-12-01,5
1778568,4,2005-01-27,5
56113,5,2005-01-27,5
811782,4,2005-01-07,5
99310,3,2005-01-13,5
1793075,4,2005-09-13,5
984703,5,2005-10-08,5
305344,1,2004-12-15,5
1719118,1,2005-01-25,5
740671,5,2005-03-04,5
203576,5,2005-05-13,5
1027454,5,2005-06-16,5
2079810,1,2005-06-17,5
101246,5,2005-06-24,5
2078294,4,2005-10-11,5
635184,5,2005-08-04,5
481649,5,2005-08-04,5
997543,4,2004-12-27,5
1148674,5,2005-02-02,5
29350,1,2005-02-24,5
2022147,4,2005-03-01,5
1276269,5,2005-03-16,5
1945567,3,2005-04-04,5
2300421,3,2005-11-13,5
2136350,3,2005-07-07,5
2445424,5,2005-07-24,5
2223630,4,2004-12-16,5
544832,1,2005-01-07,5
897360,3,2005-05-31,5
2033036,4,2005-10-06,5
1096005,5,2005-11-24,5
1403217,2,2005-08-11,5
1573610,5,2004-12-14,5
473490,4,2005-03-16,5
498469,5,2005-03-21,5
2276790,1,2005-05-19,5
2628777,4,2005-09-07,5
623943,5,2005-01-30,5
1722514,5,2005-03-09,5
2428576,5,2005-03-18,5
2147527,1,2005-11-18,5
651230,1,2005-04-19,5
755078,5,2005-10-14,5
401315,5,2005-02-22,5
332025,4,2005-03-21,5
1322657,1,2005-09-29,5
2604633,2,2005-07-11,5
1476342,3,2005-07-18,5
525402,5,2005-04-08,5
2039705,5,2005-05-17,5
1046222,5,2005-06-22,5
590466,5,2005-10-06,5
209999,5,2005-11-27,5
868608,4,2005-08-19,5
2365445,5,2005-02-01,5
1663675,4,2005-05-28,5
2150746,4,2005-07-05,5
114884,1,2005-09-08,5
2412385,4,2005-10-26,5
2294287,3,2005-03-06,5
160474,5,2005-06-21,5
2374568,3,2005-08-08,5
1715795,5,2005-08-17,5
1165712,5,2005-01-10,5
2021286,5,2005-02-21,5
2084207,4,2005-05-24,5
2576340,3,2005-06-10,5
1263557,5,2005-03-04,5
2201317,4,2005-05-24,5
2430267,5,2005-07-04,5
451353,4,2005-10-06,5
1773018,5,2005-10-24,5
258801,5,2005-12-29,5
940590,5,2005-01-28,5
1601247,5,2005-01-29,5
1190977,3,2005-02-21,5
1073396,4,2005-03-11,5
1518510,5,2005-06-14,5
632175,5,2005-10-10,5
181620,4,2005-07-10,5
225527,4,2005-01-20,5
159325,5,2005-05-13,5
884736,5,2005-06-15,5
1452669,2,2005-10-02,5
989768,4,2005-10-25,5
1745577,5,2005-07-21,5
2202058,5,2005-02-28,5
282064,5,2005-01-02,5
931475,1,2005-01-23,5
2388628,3,2005-03-28,5
1296172,4,2005-05-13,5
1030674,5,2005-10-25,5
1692302,2,2005-07-28,5
1458838,5,2005-04-02,5
149144,5,2005-05-05,5
2049454,4,2005-06-16,5
364983,5,2005-09-17,5
402389,5,2005-10-22,5
589682,1,2005-09-05,5
1939074,5,2005-01-19,5
779476,2,2005-01-29,5
2092479,2,2005-02-05,5
386985,5,2005-04-06,5
760104,5,2005-10-27,5
1934002,1,2005-12-23,5
802013,4,2005-08-17,5
1488235,5,2004-12-28,5
882958,5,2005-01-03,5
1461667,5,2005-01-04,5
2342999,5,2005-01-19,5
980850,5,2005-09-24,5
597410,5,2005-01-09,5
1085570,4,2005-01-28,5
752642,1,2005-01-31,5
237861,3,2005-06-15,5
1908820,5,2005-02-23,5
1760386,3,2005-05-19,5
412910,5,2005-05-26,5
1003773,5,2005-07-02,5
2266900,5,2005-07-05,5
327256,5,2005-07-14,5
954804,5,2004-12-29,5
2138572,5,2005-04-19,5
403058,5,2005-07-02,5
2118727,4,2005-12-28,5
1133763,5,2005-01-20,5
62802,4,2005-04-05,5
1618738,4,2005-05-02,5
414246,4,2005-05-18,5
663355,5,2005-05-23,5
1360238,5,2004-12-28,5
1284347,5,2005-01-19,5
2387891,5,2005-02-26,5
576584,3,2005-03-01,5
742766,3,2005-10-12,5
731988,2,2005-11-22,5
169949,5,2004-12-24,5
2284281,5,2005-01-20,5
2500031,5,2005-01-22,5
934163,1,2005-09-10,5
685,3,2005-11-30,5
113535,1,2005-08-23,5
2594130,4,2005-09-26,5
878148,1,2005-09-02,5
2463066,1,2004-12-20,5
2581182,5,2005-01-19,5
1312396,3,2005-01-22,5
400372,3,2005-05-02,5
196497,5,2005-05-23,5
88528,4,2005-05-30,5
2499884,4,2005-09-23,5
835091,4,2005-08-29,5
96096,4,2005-09-05,5
2619176,5,2005-01-19,5
1490243,5,2005-01-19,5
454724,5,2005-02-02,5
539791,4,2005-03-01,5
574778,4,2005-03-04,5
159822,2,2005-03-09,5
253760,5,2005-10-27,5
2474137,5,2005-11-27,5
1262900,4,2005-07-18,5
64413,5,2004-12-23,5
1653821,3,2005-03-22,5
1445262,5,2005-09-16,5
1917577,5,2005-01-11,5
1677138,5,2005-01-13,5
1506456,5,2005-01-19,5
2176465,1,2005-02-22,5
2164084,2,2005-07-02,5
2426088,1,2005-03-09,5
1846827,4,2005-05-02,5
230298,4,2005-05-13,5
2441503,4,2005-01-12,5
19006,5,2005-03-22,5
997632,4,2005-04-02,5
13432,3,2005-05-08,5
857132,5,2005-10-08,5
676062,4,2005-10-10,5
1522302,4,2005-07-17,5
1617293,4,2005-04-07,5
525887,5,2005-05-12,5
2031314,2,2005-06-07,5
908626,5,2004-11-02,5
620938,5,2004-12-15,5
1937187,4,2004-12-19,5
524113,5,2005-02-03,5
1435417,3,2005-03-19,5
2192840,1,2005-06-22,5
1094851,4,2005-01-07,5
2629637,5,2005-02-13,5
2150831,4,2005-03-16,5
163647,3,2005-04-07,5
657699,3,2005-04-29,5
1376712,3,2005-10-15,5
1182669,4,2005-10-18,5
2352287,5,2005-10-19,5
1262145,5,2005-07-10,5
2163486,5,2005-02-17,5
1134590,5,2005-03-07,5
273956,5,2005-03-24,5
2305495,5,2005-05-05,5
2217808,4,2005-05-22,5
876553,4,2005-06-13,5
2118461,5,2005-10-22,5
2412801,5,2004-12-07,5
78771,3,2005-01-20,5
544571,5,2005-01-23,5
2531020,5,2005-06-08,5
1426402,4,2005-06-22,5
1406452,5,2005-10-29,5
457097,5,2004-12-23,5
815065,5,2004-12-29,5
1584985,4,2005-01-21,5
1125538,5,2005-03-05,5
2442868,5,2005-03-05,5
1210905,5,2005-11-22,5
396595,5,2005-01-06,5
387418,1,2005-01-30,5
1738052,5,2005-03-07,5
1020125,5,2005-03-20,5
746154,5,2005-07-17,5
1151698,5,2005-07-26,5
135340,3,2004-12-06,5
2139182,4,2004-12-27,5
968636,4,2005-01-13,5
2424096,5,2005-01-21,5
1309683,5,2005-01-31,5
480612,1,2005-09-06,5
1556617,1,2005-09-16,5
595674,4,2005-07-08,5
251824,1,2005-07-16,5
348960,4,2005-09-07,5
434071,2,2004-11-20,5
2446512,5,2004-12-26,5
2290010,4,2005-01-09,5
2334126,5,2005-01-25,5
371224,4,2005-01-26,5
2520933,1,2005-01-30,5
1114324,4,2005-06-17,5
350541,5,2005-02-14,5
1579484,5,2005-03-25,5
2463569,4,2005-04-06,5
1008749,4,2005-05-14,5
1098977,5,2005-08-26,5
1083425,5,2005-02-14,5
835353,4,2005-02-24,5
715062,4,2005-05-20,5
2160590,5,2005-05-23,5
1960295,1,2005-09-10,5
1067062,5,2005-08-23,5
1668233,4,2004-12-20,5
1243124,4,2005-01-09,5
340479,1,2005-01-27,5
43422,5,2005-02-13,5
2002130,5,2005-07-02,5
996349,4,2005-10-31,5
1297031,3,2005-11-02,5
1056078,4,2005-09-06,5
1932594,2,2005-01-22,5
2283349,5,2005-06-18,5
1881627,4,2005-07-03,5
775861,5,2005-10-09,5
691460,3,2005-07-08,5
1985123,5,2004-11-14,5
2570844,4,2004-11-22,5
1792311,4,2005-01-19,5
1116065,1,2005-05-02,5
1783814,1,2005-11-09,5
909164,4,2005-08-02,5
1496861,4,2005-08-06,5
534152,5,2005-01-11,5
1924795,5,2005-01-25,5
699522,1,2005-02-16,5
1522983,3,2005-03-24,5
1276712,5,2005-04-15,5
799207,4,2005-06-14,5
651807,3,2005-07-04,5
277762,4,2005-07-11,5
1990473,5,2005-09-01,5
1609187,2,2005-01-03,5
2252902,5,2005-01-11,5
1485442,5,2005-01-11,5
1107471,5,2005-01-20,5
2575787,3,2005-02-14,5
1100348,5,2005-03-20,5
1448701,5,2005-04-01,5
1461435,1,2005-03-21,5
2171359,4,2005-04-24,5
1922954,5,2005-05-19,5
1874618,1,2005-12-16,5
2620409,5,2005-07-26,5
1316887,2,2005-08-30,5
329475,5,2005-01-29,5
1450925,5,2005-02-14,5
2369115,5,2005-05-28,5
2550311,3,2005-10-31,5
1155329,4,2005-11-04,5
1617608,2,2005-08-14,5
2503713,3,2004-11-20,5
630039,4,2005-02-26,5
2490858,5,2005-05-24,5
1693092,1,2005-06-10,5
2642001,4,2005-07-01,5
1808686,5,2005-10-28,5
1980702,4,2005-11-23,5
1334401,2,2005-07-30,5
1127529,3,2005-08-09,5
2406705,1,2005-09-06,5
1719756,4,2004-12-02,5
1130641,5,2004-12-16,5
1893668,1,2005-01-19,5
622995,5,2005-03-03,5
1152376,5,2005-03-08,5
1352300,1,2005-04-14,5
1838586,1,2005-08-17,5
789965,4,2005-06-08,5
2442597,4,2005-07-28,5
2492103,4,2004-12-20,5
1076087,1,2005-02-09,5
1787280,5,2005-02-27,5
1515355,5,2005-03-05,5
1311587,4,2005-04-05,5
2436412,4,2005-05-22,5
60582,5,2005-09-08,5
2498681,5,2005-07-07,5
1549225,1,2005-07-16,5
1662625,5,2005-08-01,5
807361,4,2005-01-07,5
514618,2,2005-02-14,5
2102192,1,2005-02-16,5
371701,2,2005-04-27,5
2613105,5,2005-08-07,5
1294030,1,2005-06-17,5
21153,5,2005-10-03,5
1170034,4,2005-08-18,5
2385007,5,2005-01-06,5
1132285,3,2005-03-20,5
334959,5,2005-01-26,5
1176502,3,2005-03-06,5
448879,5,2005-10-16,5
1845480,5,2005-11-08,5
368977,5,2005-12-03,5
648643,5,2004-12-06,5
2274712,5,2005-02-15,5
2457767,4,2005-03-11,5
2355654,3,2005-10-17,5
358167,3,2005-11-11,5
374418,4,2005-11-28,5
2487092,4,2005-01-05,5
536526,3,2005-02-13,5
1181605,4,2005-03-04,5
2540684,5,2005-03-13,5
313891,5,2005-03-18,5
481241,4,2005-03-23,5
877404,4,2005-03-27,5
204101,5,2005-06-14,5
2122377,4,2005-12-14,5
1210948,3,2005-12-21,5
1203279,5,2005-08-20,5
1606864,3,2005-09-02,5
505967,5,2005-11-11,5
2190079,5,2005-01-28,5
977551,1,2005-02-08,5
681208,5,2005-05-03,5
2003656,5,2005-07-19,5
1835306,5,2005-08-01,5
1143203,4,2004-11-14,5
1031692,4,2005-06-12,5
1128196,3,2005-11-18,5
941279,3,2005-07-07,5
1083507,4,2005-09-01,5
1716976,5,2005-01-04,5
515436,1,2005-02-13,5
239678,5,2005-06-02,5
1712385,5,2005-06-07,5
2390348,3,2005-10-10,5
2491400,4,2004-12-22,5
1419621,5,2004-12-31,5
2612306,5,2005-01-27,5
2504092,5,2005-03-07,5
128293,4,2005-10-10,5
1117357,3,2005-12-17,5
1420080,5,2004-11-26,5
1288630,4,2005-02-28,5
144938,1,2005-03-22,5
645838,4,2005-11-29,5
2124888,5,2005-12-03,5
1538319,4,2005-07-21,5
953667,3,2005-08-12,5
1626770,4,2005-08-30,5
92411,5,2005-04-19,5
2192930,4,2005-05-04,5
1983863,5,2004-11-29,5
46154,5,2004-11-29,5
2343550,4,2004-12-24,5
1845488,4,2005-02-17,5
1385199,3,2005-05-26,5
2076631,2,2005-10-12,5
2322862,4,2005-08-15,5
1806884,5,2004-12-20,5
905974,4,2005-01-30,5
563237,5,2005-02-02,5
2461371,1,2005-09-15,5
933124,4,2005-08-09,5
1374023,3,2005-08-29,5
1125075,4,2005-03-07,5
1502812,3,2005-04-29,5
2311028,1,2005-09-13,5
237550,5,2005-10-24,5
788980,3,2005-10-26,5
2234041,5,2005-08-15,5
521295,3,2005-01-19,5
2115919,3,2005-03-06,5
999312,4,2005-04-14,5
1527578,4,2005-04-20,5
1302027,5,2005-05-14,5
1795694,2,2005-11-09,5
1424777,4,2005-01-09,5
2317644,5,2005-03-05,5
1687086,5,2005-04-21,5
1188337,4,2005-09-29,5
2100070,1,2005-11-27,5
